,7Networks_LH_SomMot_8,7Networks_LH_SomMot_9,7Networks_LH_SomMot_10,7Networks_LH_SomMot_11,7Networks_LH_SomMot_12,7Networks_LH_SomMot_13,7Networks_LH_SomMot_14,7Networks_LH_SomMot_15,7Networks_LH_SomMot_16,7Networks_LH_SomMot_17,7Networks_LH_SomMot_18,7Networks_LH_SomMot_19,7Networks_LH_SomMot_20,7Networks_LH_SomMot_21,7Networks_LH_SomMot_22,7Networks_LH_SomMot_23,7Networks_LH_SomMot_24,7Networks_LH_SomMot_25,7Networks_LH_SomMot_26,7Networks_LH_SomMot_27,7Networks_LH_SomMot_28,7Networks_LH_SomMot_29,7Networks_LH_SomMot_30,7Networks_LH_SomMot_31,7Networks_LH_SomMot_32,7Networks_LH_SomMot_33,7Networks_LH_SomMot_34,7Networks_LH_SomMot_35,7Networks_LH_SomMot_36,7Networks_LH_SomMot_37,7Networks_RH_SomMot_9,7Networks_RH_SomMot_10,7Networks_RH_SomMot_11,7Networks_RH_SomMot_12,7Networks_RH_SomMot_13,7Networks_RH_SomMot_14,7Networks_RH_SomMot_15,7Networks_RH_SomMot_16,7Networks_RH_SomMot_17,7Networks_RH_SomMot_18,7Networks_RH_SomMot_19,7Networks_RH_SomMot_20,7Networks_RH_SomMot_21,7Networks_RH_SomMot_22,7Networks_RH_SomMot_23,7Networks_RH_SomMot_24,7Networks_RH_SomMot_25,7Networks_RH_SomMot_26,7Networks_RH_SomMot_27,7Networks_RH_SomMot_28,7Networks_RH_SomMot_29,7Networks_RH_SomMot_30,7Networks_RH_SomMot_31,7Networks_RH_SomMot_32,7Networks_RH_SomMot_33,7Networks_RH_SomMot_34,7Networks_RH_SomMot_35,7Networks_RH_SomMot_36,7Networks_RH_SomMot_37,7Networks_RH_SomMot_38,7Networks_RH_SomMot_39,7Networks_RH_SomMot_40,C3 GM left dorsal horn,C3 GM left intermediate zone,C3 GM left ventral horn,C3 GM right dorsal horn,C3 GM right intermediate zone,C3 GM right ventral horn,C3 WM ascending,C3 WM descending,C4 GM left dorsal horn,C4 GM left intermediate zone,C4 GM left ventral horn,C4 GM right dorsal horn,C4 GM right intermediate zone,C4 GM right ventral horn,C4 WM ascending,C4 WM descending,C5 GM left dorsal horn,C5 GM left intermediate zone,C5 GM left ventral horn,C5 GM right dorsal horn,C5 GM right intermediate zone,C5 GM right ventral horn,C5 WM ascending,C5 WM descending,C6 GM left dorsal horn,C6 GM left intermediate zone,C6 GM left ventral horn,C6 GM right dorsal horn,C6 GM right intermediate zone,C6 GM right ventral horn,C6 WM ascending,C6 WM descending,C7 GM left dorsal horn,C7 GM left intermediate zone,C7 GM left ventral horn,C7 GM right dorsal horn,C7 GM right intermediate zone,C7 GM right ventral horn,C7 WM ascending,C7 WM descending,C8 GM left dorsal horn,C8 GM left intermediate zone,C8 GM left ventral horn,C8 GM right dorsal horn,C8 GM right intermediate zone,C8 GM right ventral horn,C8 WM ascending,C8 WM descending
7Networks_LH_SomMot_8,1.0,0.31045025331317133,0.5224517089270715,0.49666540983592833,0.3812153355933408,0.3134770816095414,0.4658567059266345,0.3507755016404075,0.33603823892875523,0.368562404953924,0.393761136093233,0.4175893014318616,0.14941696570450633,0.28571389370764866,0.24558846274058177,0.2330999732336325,0.3275140258003111,0.3881590531055143,0.22983647973646912,0.08658636317690503,0.2518421833361575,0.3247527407776632,0.32913123881284745,0.40676084434316784,0.21210783998804925,0.34264022416440115,0.3125405780017073,0.4148535578310621,0.17073843046104073,0.3379169285673208,0.3734851239169214,0.42515321027870817,0.49646580646372446,0.32495894257829716,0.5132131152492924,0.5671586472005062,0.11535746915158357,0.3961764008429734,0.2866355388730709,0.2690803438187135,0.2444659309458207,0.322433554518461,0.43308736663916797,0.44892339190808456,0.1655218228443776,0.38990464615674014,0.3004937745531511,0.48813844194457057,0.2561412031883183,0.23636945884417604,0.2615724746409413,0.2484520711184413,0.2106148411177699,0.2718255194175491,0.4802617794429075,0.31171822705056185,0.3217595405293727,0.15031543336262282,0.11162031863175792,0.39074314897163914,0.3988663602401031,0.13017824943864217,-0.13187798769981715,-0.15759237464287984,-0.09970986553631545,-0.10157909191458404,-0.14978198936816686,-0.11708193793555464,-0.09655573823879626,-0.10753507031187663,-0.07447317207853078,-0.16903168839765928,-0.09880552776354083,-0.1714484158103832,-0.19278676414768373,-0.1419681532090822,-0.09523888381974396,-0.11369665785819145,-0.00994764225291806,0.01709142881057974,0.010597532198536899,-0.0723832990585536,-0.03761067733757489,-0.05484329691525959,-0.06898342217003829,-0.043439405845164675,-0.11629545981026909,-0.09871109166615458,-0.03151853142966167,-0.06763603329224004,-0.059624598017496706,-0.03794490631153397,-0.13030772061990875,-0.07775745203112087,0.005883538453134014,0.05043325046387628,0.07137813106347013,-0.0359340948941338,-0.008195334632812553,0.0026359698699960003,0.014226862782475124,-0.021928670136531908,0.08688666851400405,-0.03989831764096651,-0.04180895035284996,-0.03983802517045028,-0.08426576638207074,-0.12164875946983543,-0.013251411950297588,-0.14823399634602402
7Networks_LH_SomMot_9,0.31045025331317133,1.0,0.47022138340838593,0.348585739928858,0.43525791976575606,0.15611979712999816,0.21368941998186586,0.33741094427787327,0.40752531607049397,0.23218976061540292,0.43300402043736996,0.44580254727163915,0.15957807735598836,0.3265558836681359,0.22138356956393934,0.37913878136004225,0.3548551013513206,0.4813614283223166,0.2272987766382077,0.14874815018196266,0.2715047479704541,0.43383803598438797,0.47313375089353144,0.3541413650888719,0.183263179395361,0.33826481531946706,0.355522388275799,0.4149194582615382,0.3180387006923037,0.3067053562225023,0.19978106393594716,0.34353116218556373,0.4316039268012542,0.34196862291997954,0.46033128213641955,0.43384061478765606,0.12808692033578298,0.3128860248477608,0.25530547950738586,0.2394204498212097,0.21876971316757637,0.33601882664542243,0.32042138489540156,0.4276133031430097,0.12084381298238166,0.45152320928638123,0.19909738629455503,0.38571883483127267,0.21138076549973556,0.4389711339290995,0.14129901721767668,0.44091731351610763,0.22862352831416113,0.3428978992697026,0.41586487100743336,0.2656411241745099,0.3031994146529904,0.34188137670159224,0.20375662596085514,0.4779243662054872,0.3270507846828241,0.27083926276787285,-0.011565700889623639,-0.049307339476358736,-0.020406388111792295,-0.06649817689645482,-0.045624629652727046,-0.050218783906615404,-0.01133068558598208,-0.035969730067780155,-0.09847946089055507,-0.12531093076330418,-0.07315460731631407,-0.12618998602729206,-0.13628244278411517,-0.1070664410513445,-0.0737322169977886,-0.07059430559087894,-0.10146542128967943,0.019956520306190943,-0.039718735995727616,-0.049814217856088104,0.021289907217600768,0.0036275756975936717,-0.06916336799944398,-0.02606196372738212,-0.05711763045343009,-0.03368728536521185,-0.01968313578992962,-0.03246448524583051,-0.019735228604310123,-0.017763823689734004,-0.057778712910503065,-0.02279284336600879,0.051623171125285916,0.0890804859170043,0.15450298294617928,-0.03542614495201945,-0.011758728923132476,0.004017322845964258,0.04062265012406013,0.07433552865140548,-0.0448794969301577,-0.07428629384422039,-0.04304968167451189,0.008171221329668844,-0.05402601129985393,-0.06869642006824536,-0.06849828555155735,-0.07614920477625134
7Networks_LH_SomMot_10,0.5224517089270715,0.47022138340838593,1.0,0.48403089290031115,0.36339716803594374,0.2028190741663932,0.2827473239095133,0.4146422750945065,0.38284292969109335,0.29984141226842403,0.4589100294663314,0.4641198071939622,0.2505943866135781,0.4534433276181197,0.30036221308700706,0.3732779197947055,0.39201776975281344,0.5121906902232224,0.29481107541349016,0.23844141428810114,0.3243775390931342,0.5067592174682989,0.4980642896071755,0.4439785386589024,0.3345284869769373,0.4306839744794652,0.2878940131373171,0.47409356545476655,0.23721534765217922,0.32423520700294156,0.2507829364470203,0.46570241657315137,0.5362253674383024,0.41602195513036244,0.5849781527565143,0.5316687811902575,0.12929328330940598,0.30451156746394287,0.23838250964562407,0.22432130905511552,0.19545014494928645,0.44797934231941844,0.35429271187102507,0.44987500097567806,0.08338627352020714,0.4409335927180707,0.21043396863002636,0.4567536127418541,0.23364596420723965,0.302197054198199,0.2476176004946307,0.32738016919453206,0.1488967971083972,0.2865418923272997,0.4443876169693603,0.19320990124156906,0.28611415774098387,0.26214789554849705,0.22275269754089402,0.4752411619505024,0.40450445181962613,0.12761452029891682,-0.16656184989692882,-0.2190842677360479,-0.1996125476164847,-0.17046558323266894,-0.18486841304802518,-0.15479075730977587,-0.16237076724971597,-0.1611922758270538,-0.144552616937667,-0.19856429197120282,-0.12681086531078736,-0.24004212737109318,-0.23674408121265159,-0.17512859090835875,-0.13878696496951942,-0.11730295326438622,-0.040124893759688494,0.02464186864254447,0.016000585674785326,0.004350826721133132,0.06811003693124598,0.06855029814406294,0.0019617329973210212,0.07491539450223074,-0.1854030272029253,-0.15842361774812305,-0.14853341572518014,-0.12234833184030108,-0.11849973155548003,-0.13470008965932337,-0.2746787503070064,-0.16369692833269786,-0.0031508514380740433,0.03654899829391018,0.05543156358358128,-0.05520142447302625,-0.021641176273290746,-0.05490548236758526,-0.01665114362230128,-0.03181188849273343,0.09401629002845191,-0.009811726707705939,-0.006716639582790209,-0.06670350747997304,-0.0887885757749406,-0.09467049785288723,-0.04323354653367469,-0.06831077780610499
7Networks_LH_SomMot_11,0.49666540983592833,0.348585739928858,0.48403089290031115,1.0,0.48420579048948176,0.5668000815978748,0.5698230333198749,0.5554146975801925,0.43833740464602877,0.5334879384314151,0.36821310506870525,0.302365146601639,0.16682999985591798,0.4073992862160649,0.1983069926085469,0.24775576218158854,0.33449520783065395,0.4136468926304922,0.14126396019359436,0.10414219542441754,0.08191065811355785,0.36993866851804774,0.30900621686482865,0.46869878219236427,0.22781668687151552,0.3596381091590949,0.31632132511342476,0.39878296749139613,0.193022058848887,0.3268660677455089,0.2599661571238645,0.30141087177781084,0.4783881596898621,0.1604761140791932,0.46742379072226203,0.5698785977615592,0.042922767977344393,0.5210751246196261,0.4711663170671915,0.35566147169025875,0.3685835507458748,0.2765047987738507,0.47576308062445,0.4306618010224189,0.03522739158788735,0.3014738722266701,0.21744554127503657,0.4819632123984092,0.1856154906838776,0.26919867207308507,0.21887414894087645,0.31263464709562894,0.13137544847168506,0.2579099239716133,0.4165050366178766,0.15364124444844687,0.22459263312371375,0.24433652303936662,0.1841383036605659,0.43349905134958594,0.3572839352663257,0.11227045016033345,-0.22377898239554542,-0.1908922157701644,-0.15124566690980495,-0.17055070688435933,-0.1551822442661054,-0.11659928072440441,-0.18123431824047398,-0.14600714167983594,-0.11443469963351473,-0.21582823061092726,-0.16455898890588633,-0.21183039484298843,-0.24205078280783304,-0.1950842348240182,-0.13638799917521358,-0.1731552732292428,-0.15020957068691776,-0.08780392105520719,-0.10762269958257896,-0.1542358854119169,-0.12701341830710172,-0.13302725164711998,-0.22448108748197712,-0.13410484557968164,-0.08168980462861608,-0.0959441395714152,-0.014353784928940582,-0.07812150063521717,-0.10811017475791458,-0.10922484463958965,-0.1416831323418026,-0.08649517087456468,0.023869696526450802,0.07633760419878272,0.09990453066476357,-0.06872969969469862,-0.0437565849556373,-0.09080933398827143,-0.03726477480389822,-0.026308373854245136,0.03449183982372753,-0.047550385919783986,-0.05748995571466285,0.04115778752007007,-0.013423926371942091,-0.02434959168351273,-0.04108255765375754,-0.0382439728487687
7Networks_LH_SomMot_12,0.3812153355933408,0.43525791976575606,0.36339716803594374,0.48420579048948176,1.0,0.48760644479247994,0.4540713284392389,0.36476142958853847,0.47683101164991737,0.4120791269399317,0.38302089756026997,0.4769301883936753,0.25125878569069693,0.28217670974722603,0.19938827871959078,0.17272995599348925,0.3001912744693147,0.42178137548695155,0.24693560800306247,0.00270715535337713,0.14625944712667732,0.33871236643425834,0.36890581276994594,0.4536319922461482,0.013075853846459163,0.21521489096666532,0.33843133149614024,0.36788627852867717,0.08015889241410479,0.22982848432810912,0.32650220703289895,0.27702909297159434,0.3830887055932643,0.2104630763371867,0.4418957631031299,0.45427411617303953,0.011573153838629125,0.35136514818303133,0.30077259292620745,0.3973880278967692,0.31822374204033604,0.3658530433329426,0.4218223166910849,0.4430010621451284,0.2004783779336196,0.3677116762632074,0.2095853566976918,0.41830132674312864,0.17870548120215368,0.24471060885351217,0.1641720076208302,0.29495198113380944,0.1906359092507485,0.20212094143508785,0.35504863559005323,0.15956542953353833,0.20806230388259947,0.16539545453079038,0.016923389885261052,0.3853225641698235,0.2967994542896409,0.14423171036950164,-0.051856774994662985,-0.06162423502611488,-0.012342314884839632,-0.0564024962379571,-0.04443989097202671,-0.006403769117941538,-0.028073773262212953,-0.0104802775810169,-0.10297611507237615,-0.19649951645866856,-0.16566485688745725,-0.14620516886428198,-0.18963664112170345,-0.13707359083968249,-0.09839262149306403,-0.13788356815793956,-0.17419590685922878,-0.0866395555470331,-0.09657355451860546,-0.11115061558073404,-0.059401793274322004,-0.03697820634218924,-0.15131429475266495,-0.07389273584808731,-0.05380432776252293,-0.11865643051343691,-0.03904949287009388,-0.06155963283930303,-0.10073206067158971,-0.08094751505977664,-0.09107246806859168,-0.0714658186732838,-0.08099999354321492,-0.030203042679582372,-0.0020712530240556077,-0.08741489641411973,-0.06031534978447717,-0.06371055875013203,-0.06780443272038764,-0.11830883137692456,-0.009219222024659007,-0.09581526187095996,-0.0973749922510128,-0.004725347388178234,-0.05565138339969693,-0.0758677003571234,-0.11336695428125437,-0.14197634393533434
7Networks_LH_SomMot_13,0.3134770816095414,0.15611979712999816,0.2028190741663932,0.5668000815978748,0.48760644479247994,1.0,0.6054335514372778,0.39945844416224124,0.29653421848434847,0.5346906738594492,0.16980401350449073,0.19736822262197912,0.20077964794911005,0.25046702121812064,0.20329179808296327,0.08540815499418068,0.19988874226593076,0.259498529587746,0.21201648637209577,0.02802304790766429,0.13041857798184103,0.213764188414983,0.15348426075455318,0.4369067198643446,0.05323538577212614,0.17681503282741656,0.2817998320408635,0.24464943461579153,0.13397008171830874,0.1730536765951037,0.3110997496405594,0.21537038900488642,0.20032115454938415,-0.04025379445969547,0.3008921044518638,0.35582312455413373,-0.1708491363119186,0.3952431789519939,0.41632719382102323,0.3056402347751025,0.24749629075003005,0.12312034018030828,0.37336480152066825,0.27143054950025514,0.11494112670503796,0.17842409826988648,0.18316496317419778,0.33878699148237773,0.01338260828492893,0.12194160938624451,0.1314746762544778,0.13295616494820967,0.14411047352978554,0.11360286649555176,0.29895576597544965,0.0800035337307638,0.05685738173642767,0.08355208460623315,0.03832191477467914,0.24678505478013132,0.1984970181404623,0.07973983252382572,-0.1201567807527443,-0.08216398593610301,-0.024591359963494062,-0.08882714345323585,-0.06757741586448222,0.0055183021057820655,-0.05731452632207739,-0.011312399867827363,-0.12515316868140414,-0.22201650102162093,-0.19777876006332323,-0.14362660643529918,-0.21832519573371761,-0.17822404907364234,-0.11513161085417721,-0.20080163196928574,-0.12923075432612183,-0.09930413496109493,-0.063967662833883,-0.09813474722695735,-0.13881828049448613,-0.1414752309492851,-0.16240505069300984,-0.1175279456739429,0.011899196289376237,-0.06418076024695235,0.007042524377897644,-0.12831477180895276,-0.1564760901710943,-0.18632852333145503,-0.15478025196510845,-0.1228004205517746,0.008802665130917575,0.05560095862200602,0.05443237336196549,0.020412881007940434,0.006673572288105793,-0.06550354145140093,0.017490013405613496,-0.019811866385114785,-0.04746848310510615,-0.15135567922148396,-0.16857460338220462,0.09555487244589009,-0.02689133780210118,-0.014359645694884885,-0.06014261668515294,-0.16209804810291542
7Networks_LH_SomMot_14,0.4658567059266345,0.21368941998186586,0.2827473239095133,0.5698230333198749,0.4540713284392389,0.6054335514372778,1.0,0.5348811562631727,0.5051042428397792,0.7450658874292815,0.3176430827708785,0.3205043210175723,0.15059798116955106,0.3138582444761761,0.2456733219116194,0.19674314165522125,0.39934422584884754,0.416192984374777,0.2132424852835798,0.0912288112862403,0.2246347991788772,0.30711562114922597,0.22402213541551697,0.4725494085997895,0.15785648158145152,0.3137471167034064,0.288663641177682,0.3905970129696085,0.14180133607056472,0.3280672549252696,0.3871227252270971,0.32692684408033273,0.3011789928718562,0.1516492128960649,0.41470607933428905,0.5782776948121318,0.05179991667658684,0.7227805948175159,0.5603601478304047,0.45498838342889747,0.4013193531978222,0.2439904843640534,0.6055714182242011,0.4951027288474164,0.14888308678709497,0.32374051039304513,0.3107222655640968,0.5271946858351628,0.21006663442058884,0.21635540978123918,0.2699721683266919,0.2898823474247593,0.17678263551554224,0.2113704616737476,0.5055152370074243,0.2363148167446641,0.20892492575163518,0.11348392561700739,0.156837786890654,0.3856224727037352,0.30669085570022303,0.14216207499286848,-0.11168868942629666,-0.1128074883320461,-0.027561455783490868,-0.10216896364716946,-0.11943808020416015,-0.05243041113585262,-0.0741267085211568,-0.0576551730150813,-0.12126104338272592,-0.2537401934981472,-0.19982193536741835,-0.17391414394142435,-0.2341538417667052,-0.17524661723676976,-0.12320035461645075,-0.2179416513128923,-0.10251234591928472,-0.040633464525744636,-0.04086383600368904,-0.09547116823533007,-0.07199758759096866,-0.06637076129192808,-0.13618628128129412,-0.07585389994893613,-0.09268432693951292,-0.16516477175878622,-0.06971800919186516,-0.09946527454397015,-0.1693784910342655,-0.13890736062934855,-0.15218228134394932,-0.1453942090856186,-0.03168708723757849,0.03098184778109199,0.08204521855194195,-0.06903482101117576,-0.05480125106363546,-0.05370987182802338,-0.04002662790456199,0.011104969358620133,-0.021110310064952852,-0.03847545503660448,-0.08665372524959908,0.07020812276006767,0.029220436898127554,-0.0026945208384218104,-0.01070004852414649,-0.07523702265745298
7Networks_LH_SomMot_15,0.3507755016404075,0.33741094427787327,0.4146422750945065,0.5554146975801925,0.36476142958853847,0.39945844416224124,0.5348811562631727,1.0,0.4187484243743769,0.6390093366216442,0.408001605715631,0.26769305176453595,0.1895675897160016,0.6078998966582371,0.37346172446313475,0.37634753032490814,0.343379841938279,0.47654256214653345,0.33652643201120336,0.3739394144927537,0.26670357690213387,0.617299612228317,0.39828490600839656,0.496131871444631,0.36493446269005836,0.45729699245991573,0.31880233814266895,0.5239959255005324,0.2938426015965731,0.30175037584372694,0.23142303231788802,0.3433124201402325,0.3398593002227588,0.2178372361829865,0.46124542780446326,0.44906859440659275,0.12769944474586956,0.6114625176836066,0.5658109291735056,0.4366109489922211,0.420922514043462,0.3208515588362852,0.4800151802325362,0.46169693593596456,0.14667897539458363,0.34681361450963694,0.2293002335315163,0.5160963207160721,0.1660720715838517,0.3984668389079105,0.2593918121325398,0.3379637097205683,0.23466227126312827,0.3096563075631595,0.4065764339169438,0.14470489830465733,0.2690469642776296,0.31265797100036236,0.3806778184775711,0.4597185513378932,0.3791195148081868,0.17576369561140007,-0.09499130794325002,-0.12354297068703292,-0.06887571821167128,-0.11230099995883337,-0.09094121341198723,-0.036258145545118976,-0.05822013720665,-0.06100894279394384,-0.15013496241440197,-0.2331262799094012,-0.20208097665746227,-0.20166297656268659,-0.218007483126635,-0.13910355911076935,-0.13890655693061404,-0.15544329353689268,-0.19202779566289582,-0.1207158254169201,-0.13192115073190594,-0.0993493916604872,-0.07185574849165949,-0.05935520056418442,-0.20035088142393626,-0.09046301932802939,-0.09757149441888964,-0.18565318905151434,-0.0791683568576787,-0.15582103746367792,-0.20352213073502765,-0.19601719693332356,-0.19047111798454106,-0.1335385319462402,-0.04731862953990318,-0.04737817097263301,0.007065733782162535,-0.09977031713660947,-0.09516431538581827,-0.06388780902728387,-0.0643098445256756,-0.01042332607958419,0.020889085768534855,0.04885688654914216,-0.013219836910529803,0.07394545303559705,0.06671629076496653,0.023869013352335877,-0.007618883618811269,-0.013757032069112763
7Networks_LH_SomMot_16,0.33603823892875523,0.40752531607049397,0.38284292969109335,0.43833740464602877,0.47683101164991737,0.29653421848434847,0.5051042428397792,0.4187484243743769,1.0,0.5729195534282568,0.4434629093975251,0.5888764033359294,0.2330195050859884,0.283439345415875,0.2089195509288745,0.24483758236609193,0.3745770229130782,0.4697519037393542,0.21956468268285959,0.05816995439810578,0.24450155685504377,0.346554652100554,0.4615270609041142,0.3819419364291506,-0.010699900479077859,0.19768965823431556,0.36349971012995014,0.4074355156834281,0.16484294113845108,0.2888790529234851,0.2820556036732363,0.26612626346161394,0.3857733956365113,0.24883509820754524,0.3250313473874081,0.4568819332165879,0.11994465743409778,0.5346964767131633,0.4195128151866331,0.5092866647252071,0.41000374796189937,0.46422052355137744,0.5468054053881377,0.6376447248416706,0.12485307907457743,0.5336571438747387,0.23009655238052612,0.4384057838279299,0.3434021814750556,0.3401291464799438,0.1558397037681671,0.3446410010457789,0.2735546342193366,0.18967204936091478,0.4531895056464753,0.328776700322742,0.3471208043454756,0.32118644416467085,0.010687811952709719,0.405802547195457,0.31322425697152567,0.20290647056659716,-0.014605846243597414,-0.051978207185078666,0.00024151312600309284,-0.09803393723248773,-0.06971984089861724,-0.04046701288249419,-0.04403756223306354,-0.03542159799109463,-0.02849034402240741,-0.1102089509860336,-0.0752418124983345,-0.09992069897087695,-0.12196627119842193,-0.09891637498477605,-0.023640443062162578,-0.0941307980859604,-0.028681403969996425,0.040590618426531236,0.027176517343761187,-0.09879627954174924,-0.035466330516428536,-0.05531346077605523,-0.10952544280144948,-0.005715351924369008,-0.014484953268110574,-0.03757445488440434,0.056496576068101545,-0.09972181895891485,-0.11095169788551804,-0.08918761491438958,-0.07001496534356133,-0.06591066564777577,-0.026117248573570596,0.026800912646330832,0.0614387904417886,-0.1679750961125675,-0.027188384594899653,-0.06242699401652325,-0.05314131015164853,-0.04081911850304623,-0.07177995148785409,-0.08250292231978848,-0.06300082708219924,0.0015807498832897619,-0.04072646984258771,-0.0393467541230802,-0.09780068307784619,-0.09713519321991858
7Networks_LH_SomMot_17,0.368562404953924,0.23218976061540292,0.29984141226842403,0.5334879384314151,0.4120791269399317,0.5346906738594492,0.7450658874292815,0.6390093366216442,0.5729195534282568,1.0,0.3298455588746877,0.35808160199391637,0.27434799564300155,0.3896528717988524,0.3512619531079087,0.261978276716896,0.3484920007510136,0.3894697906280112,0.3392194217243667,0.16057916235419717,0.30794751816320276,0.3826950053736485,0.273569691907318,0.4705812350428042,0.21937701275784974,0.34182019528409757,0.33210894616815656,0.43281884134466936,0.21314249109596786,0.27769349501574503,0.30945393447376224,0.26358820152874746,0.28292293221780446,0.1465415854200073,0.39758658060677815,0.5437484034839879,0.07677644075296049,0.7064942894519264,0.5876306737054896,0.4988473164290029,0.4332542180114883,0.287740293279747,0.6452098875986387,0.5519344168387144,0.20473789439534115,0.31793062020064056,0.3132542650509865,0.5680866251884543,0.2541639544267618,0.27500662980532853,0.25090234024126257,0.28572668321762656,0.23820232119422294,0.2588916000851595,0.49232841913566194,0.24268160240559877,0.28245430896160123,0.15930683214529462,0.2172451914271722,0.39152977525881294,0.37382843923957143,0.16225793434774996,-0.089859062539599,-0.06912378883439425,0.0011447848702716844,-0.07350887978105157,-0.05837618756040636,-0.0013473379128142774,-0.03531321873394844,-0.020725465576019703,-0.10054057983171563,-0.19541769711594936,-0.15548519185345064,-0.1451985145954456,-0.1801692431730121,-0.13790891593480822,-0.10359764029438938,-0.16526032108613573,-0.06766862094157643,-0.0028054478444873797,0.0020642591122147194,-0.08918356983088829,-0.05712942838976933,-0.05457297783360283,-0.11465278789759295,-0.016438850820748516,-0.10872314475804244,-0.16659399624035562,-0.09034165962366209,-0.07950529760145363,-0.15323996185062702,-0.13192231897905113,-0.1519134763443735,-0.1359557044555366,-0.04113557229593606,-0.0009859748321726439,0.0295889306991161,-0.07002875169718771,-0.055814056668356066,-0.07892423606664051,-0.031880687788291506,-0.003768029868055127,-0.047806546099508705,-0.028620707099862818,-0.09202751096103927,0.09455012104636107,0.05138754243096156,0.0062194632631524995,-0.039227540342120545,-0.04690336598090242
7Networks_LH_SomMot_18,0.393761136093233,0.43300402043736996,0.4589100294663314,0.36821310506870525,0.38302089756026997,0.16980401350449073,0.3176430827708785,0.408001605715631,0.4434629093975251,0.3298455588746877,1.0,0.46201490924569144,0.0842566561922437,0.3813678093231993,0.3150539646491779,0.47672287361350335,0.5521794352659328,0.5445181985053712,0.24696934745561086,0.26321827974569256,0.32362694524979785,0.5293078872525664,0.4858114979649291,0.43231909013621206,0.2842715990514732,0.4391873012989981,0.3811155514383227,0.5055625197765641,0.2903243796491078,0.3822000128430506,0.18767471745588662,0.3024994938410619,0.3398695900527594,0.3103322388120495,0.39033625674368755,0.42954301204598433,0.020974422270618256,0.39350141773383684,0.26712865316690276,0.36979512085576716,0.2036370558608215,0.49247229615857424,0.4084418743968483,0.4565553611068862,0.02761597849649921,0.5731253446213492,0.23862648684407764,0.3902657228833903,0.2541050258372843,0.3713365899634148,0.1776149964919361,0.4424992956327672,0.19975381744394627,0.37409087215037884,0.42426143161207197,0.2908450871319392,0.374676930633429,0.3768014035783935,0.205108786845847,0.541601554839782,0.403452831368071,0.21966341144380466,0.03697477500376523,0.01476001747890757,0.05662581748706884,0.006198909457271396,0.027460453491064702,0.06393547359641923,0.08422062183101416,0.08070179867631448,0.02738048923923786,-0.0901602432428543,-0.06721435852463513,-0.07714598147299115,-0.10344263348228101,-0.059454739659226964,0.00871043505680604,-0.06881374180288376,-0.01885071131745744,0.02382557756436424,-0.015379158803266433,-0.03712604726957216,0.04363835546258331,0.04127332493994195,-0.037156432531146664,0.025240638806187564,-0.13792936896811178,-0.11709922880576817,-0.05069150489185305,-0.08701066987233416,-0.09797514286331142,-0.07726979649899497,-0.09786160975710559,-0.09049154244456506,-0.09815649204978685,0.018799194878895302,0.059865011015976424,-0.055556402212579,0.05239650954344049,0.0757837645444068,0.05097983453176093,0.02492391191925553,-0.02912129308619284,-0.0984389460353686,-0.05759326603076668,-0.06866572621396629,-0.10304539919390791,-0.08727001901296658,-0.07857357287585266,-0.11158503278669848
7Networks_LH_SomMot_19,0.4175893014318616,0.44580254727163915,0.4641198071939622,0.302365146601639,0.4769301883936753,0.19736822262197912,0.3205043210175723,0.26769305176453595,0.5888764033359294,0.35808160199391637,0.46201490924569144,1.0,0.46191758526155374,0.3535034195406059,0.38308395035647225,0.24413979947593503,0.33516284662884027,0.5176846997435899,0.32645331945695444,0.043363203274282114,0.3029824146172729,0.3734916266527431,0.47102977889652226,0.34238400307436573,0.026672587470249677,0.23579478881236787,0.36293254432566585,0.42061800914901676,0.08757353802094679,0.2682244278365889,0.3345487230970472,0.3620518270712971,0.45311525109146544,0.3415266139049687,0.4085445429829091,0.4811825731598855,0.17573427205280986,0.3464413547535192,0.2636464716416037,0.3816588794600919,0.2521843562783087,0.5571617853222619,0.4620831992155284,0.6375727210249816,0.11676240095557788,0.49963089781680925,0.32413357888338834,0.5004491883100357,0.4058183438364011,0.2898748327902854,0.26949592289497737,0.3518397449511955,0.29747425465859934,0.2219243287101706,0.4881682065419538,0.3095409773538355,0.34199054633776194,0.2337207749427519,-0.031420730107056434,0.4270316485426162,0.3297499028084162,0.20103975171221194,0.029554370418273853,-0.015383396185374933,0.02972143007734045,-0.021053645617048516,-0.029322479273173517,-0.026038867642792445,0.02637953030230433,0.011112637772025855,0.07058477469475695,-0.00228695274986709,0.01622090643210457,-0.009424036910216654,-0.036510017172377014,-0.024483211635549347,0.07902877922865362,0.008325640547830658,-0.04350563264553444,0.04557889387187861,0.010903393783140456,-0.03562121792964624,0.026372465524495972,0.006332076773218058,-0.020316866171486786,-7.002374058340305e-05,-0.046537381027117616,-0.051076422785278956,0.01469130881619105,-0.05573214838186614,-0.08923140129214129,-0.08131085279280646,-0.08498984681706555,-0.08619970394293461,-0.0495458649530717,0.06392396602952978,0.10522140197073503,-0.13080459477220396,-0.015212589803118449,-0.061269711284211936,-0.05563593810287574,-0.0566535242156671,-0.06556833963581318,-0.1707250673346893,-0.08224946325905873,-0.1305777226519384,-0.19741397515261389,-0.17300118660810437,-0.16608711443449478,-0.19995404759311128
7Networks_LH_SomMot_20,0.14941696570450633,0.15957807735598836,0.2505943866135781,0.16682999985591798,0.25125878569069693,0.20077964794911005,0.15059798116955106,0.1895675897160016,0.2330195050859884,0.27434799564300155,0.0842566561922437,0.46191758526155374,1.0,0.4923373256072126,0.4169027877333768,0.16012504145652973,0.10435758927237956,0.23625931923087945,0.31548752997289276,-0.01459707173627019,0.1740536904995468,0.16224153396861724,0.2058555729540647,0.1378172932421788,-0.06161265428372684,0.07580208228218381,0.11943490592039065,0.1279765459616884,-0.057604976289096166,-0.009416631158475103,0.2070031791398117,0.19131424612904657,0.18126144164908126,0.11445725960047781,0.23344228369805878,0.21439499727808972,0.043791993713326066,0.10573318935006666,0.11874499732046813,0.22728348877210575,0.29651553903467437,0.2719720354679896,0.29128129246088397,0.25022330618174193,0.12120654505418336,0.27415315806733065,0.26495117912232596,0.34746883431930664,0.25169079338158923,0.15514838492065527,0.28839447555649916,0.16864997139550653,0.20424222143907045,0.0706088966911452,0.19604981915300734,0.02839447496661447,0.036595160960041145,0.07934667551431522,-0.053062939394628146,0.1910904178940566,0.19309061107025896,0.10661042477387266,-0.04313719817638164,-0.04672310142345854,-0.007343393750915896,-0.014015619683769603,-0.04850052201522853,-0.03543108533776229,-0.03440522533342751,-0.020232036458288596,0.030272212989201838,0.046207063531322486,0.04880713328148914,0.04365366849008997,0.018511738335069642,0.009654857286655471,0.08158310163288707,0.031022154439528948,-0.028992448356633276,0.05725549357659609,0.07042178167031822,0.028879518254063617,0.020707819157414365,-0.012773471587451676,0.06750285449458322,0.06867602581940829,0.0463085676126002,-0.02515441303621346,0.014089997100731796,0.08595034591657719,0.01971973992358253,0.012023930391403913,0.04698410582566822,0.010980151767155838,-0.051478446919941606,0.06481124080397652,0.10253979895784789,0.014331109878407003,0.06187826390851205,0.01531200597686045,0.026660652807795133,0.01701069114475602,0.08717570275154439,0.01635390290841469,0.040427613645489295,-0.03903493942903821,-0.016120848675000805,-0.006724770786208611,-0.009720333873681455,-0.007606043547181494
7Networks_LH_SomMot_21,0.28571389370764866,0.3265558836681359,0.4534433276181197,0.4073992862160649,0.28217670974722603,0.25046702121812064,0.3138582444761761,0.6078998966582371,0.283439345415875,0.3896528717988524,0.3813678093231993,0.3535034195406059,0.4923373256072126,1.0,0.44790518406224317,0.3621884631713799,0.2681770527547616,0.46443090927210373,0.33201050554325107,0.35145038043614907,0.2743545706266891,0.5484381140542312,0.4007452275973121,0.34181087101623836,0.35917377264479383,0.4314648156002377,0.23505028629268648,0.4565664865581822,0.29600396499231196,0.22741701000735867,0.18882171885318103,0.3249873662103376,0.34989443350609645,0.2373437020318311,0.43240051617558395,0.3461296178735576,0.14076554501725208,0.3696549540054709,0.3231647197351424,0.3125548047966129,0.35045861873873996,0.3216020389765726,0.37257752236515573,0.3148289178036346,0.06277529139948052,0.39462706236054557,0.23784713200109475,0.4172231967572298,0.18230908859448852,0.3683599590205386,0.2448665764273154,0.3142215493195895,0.20249296400590155,0.27491618401228907,0.3187759029929127,0.06430942928546443,0.12087100027470936,0.33191480040179605,0.3349748859737309,0.4117689943761458,0.3184409210700914,0.17235557501944118,-0.11972332161528537,-0.13889577356997607,-0.09503290213916035,-0.09241221682439581,-0.09993776391010244,-0.06209053382748371,-0.07101651557041413,-0.0704799325082284,-0.08648910867945296,-0.12651304449228973,-0.10125868820362006,-0.11844033668220076,-0.1355605540980096,-0.08886759849587995,-0.03254899357613561,-0.08434057333103846,-0.11469412463783497,-0.04034998254319645,-0.05186000653867483,-0.03572634316785464,0.00028753822691580873,-0.009020321737430354,-0.045820804438939926,0.003249406106337994,-0.04808727767646309,-0.14150268720681933,-0.073316560660198,-0.07491674690958497,-0.13724710844285706,-0.1639455923380007,-0.11807018916493812,-0.11139737485107816,0.046602338264387914,0.12217499451816137,0.19409592341612714,-0.08632210270063911,-0.0221122108452719,-0.054617296485794366,-0.010199194025072585,0.031284145180217056,0.12001647181504815,0.07306917141333384,0.12006834416626015,-0.02884749983480996,-0.04776336768625014,-0.06131260926167668,0.000836973291101005,-0.020114550445963282
7Networks_LH_SomMot_22,0.24558846274058177,0.22138356956393934,0.30036221308700706,0.1983069926085469,0.19938827871959078,0.20329179808296327,0.2456733219116194,0.37346172446313475,0.2089195509288745,0.3512619531079087,0.3150539646491779,0.38308395035647225,0.4169027877333768,0.44790518406224317,1.0,0.32206135094356025,0.2816652394565998,0.3705505053312004,0.5954422799587848,0.31993424272929216,0.4626760302795637,0.44698642948844985,0.3489931277092285,0.3081456613448361,0.17913875586604716,0.36799922655551354,0.20770940922007283,0.373550445817808,0.16131191154714897,0.2405663534792183,0.17525285493416196,0.21628588977095498,0.23679871693890894,0.19652989789284436,0.2757905554296207,0.3300707321929628,0.08120948912125707,0.28477657210640794,0.2505568788040514,0.19105590817266802,0.1748750313332223,0.297440105862523,0.3449981309241992,0.3070172913735632,0.3190603462860149,0.3076839191969111,0.32969930362838995,0.43117994993197595,0.25201480651246216,0.27205056974256336,0.32196206611083167,0.2442658649684752,0.2474135958391292,0.2135557626550482,0.3314101006078129,0.17725910468405032,0.21320162458114345,0.18829561367360048,0.21779132681464708,0.3826716006815563,0.2704638788182169,0.1975221642363012,-0.028266074125128486,-0.08629062362998069,-0.0045070580312003535,-0.11773638401391526,-0.12677003919021249,-0.0848118142397898,-0.05658937204775942,-0.03874954401490484,-0.07263342090209543,-0.0886230626617923,-0.08366852289764,-0.11668860913051254,-0.09692686551247132,-0.07481821269852724,-0.07528380288918093,-0.090904123896415,-0.0926244466729415,-0.07605161693811854,-0.06002825380521302,-0.08431499178033383,-0.08137038584307522,-0.08500590202652683,-0.08911364147419024,-0.03751602744869155,-0.1714052991245714,-0.19838158712365378,-0.13351588100200715,-0.06261569777135285,-0.1297350726980865,-0.0812163359628866,-0.11964514342341698,-0.08950287784679434,-0.10407650287088675,-0.05291270092902404,0.006859162221179816,0.007298885214438378,-0.005851195553510936,0.05516600783203616,0.018675974415680096,0.04107531272902506,-0.004659858444047489,-0.03864064383953269,-0.03415357913255902,0.05208276632770861,-0.02435274651084641,-0.06576893039680706,0.019219458626170135,-0.0845466894294361
7Networks_LH_SomMot_23,0.2330999732336325,0.37913878136004225,0.3732779197947055,0.24775576218158854,0.17272995599348925,0.08540815499418068,0.19674314165522125,0.37634753032490814,0.24483758236609193,0.261978276716896,0.47672287361350335,0.24413979947593503,0.16012504145652973,0.3621884631713799,0.32206135094356025,1.0,0.5525254162261409,0.49487847864071066,0.2271376256839648,0.3652812142417531,0.3104045723709814,0.507853421943141,0.4105615019772424,0.27767007997544385,0.44144537252179067,0.5468089457907634,0.2678218926145232,0.40870333551710386,0.36123036653437723,0.25124797471244875,0.1460029135633202,0.2604176635552381,0.2403928566764895,0.223920174833751,0.31057381770864745,0.36389090714447214,0.07648180564475757,0.26465348678457534,0.27763097227617944,0.2148413294616101,0.24141221448455266,0.3647805988939543,0.3111301450608589,0.32937700282856036,0.15379343757326894,0.4598376817655863,0.25853908200824977,0.3892913707293458,0.2418854960372169,0.4372727984087143,0.2654414816356229,0.5108366752369626,0.09233392819280582,0.4361917570670667,0.33186115221186424,0.1730729994787727,0.2910178178171483,0.3625395751598316,0.37040311813588167,0.5073616989914453,0.41544861993545823,0.3258345383910732,-0.003818740036615309,-0.008168699842911364,0.058342954211357434,-0.051099856601271185,-0.008143098381347604,0.033988516673149685,0.001430004530604026,0.034554007771300396,-0.05639118369631682,-0.10707502773251187,-0.07677104085406285,-0.11545414397676304,-0.13307344299598056,-0.11772357128516786,-0.06310639182760781,-0.11096405369480304,0.028297560557252424,0.12232289850363694,0.05546489249782175,0.01904839956902862,0.09228174033683419,0.04159706684659902,0.0368889050679698,0.11451160444961304,-0.10691838364544999,-0.08361472780129686,-0.09076542859149847,-0.08008435289484744,-0.058174828655377174,-0.06951568175812047,-0.1003393159579282,-0.08305389431914587,-0.0004341474943491066,0.04809994667959493,0.05052321012103008,0.06627233944078825,0.08025367641766476,0.0771538303522553,0.10619231878236156,0.06601084502787316,0.004946042203451521,0.06541408303317917,0.06366866265579582,0.005996894059302096,0.030178610969091274,0.005242557554773284,0.018286602415664353,0.03170638771267145
7Networks_LH_SomMot_24,0.3275140258003111,0.3548551013513206,0.39201776975281344,0.33449520783065395,0.3001912744693147,0.19988874226593076,0.39934422584884754,0.343379841938279,0.3745770229130782,0.3484920007510136,0.5521794352659328,0.33516284662884027,0.10435758927237956,0.2681770527547616,0.2816652394565998,0.5525254162261409,1.0,0.5565072476955321,0.2623548426707505,0.2338073514963498,0.28353070768460875,0.4178475138944544,0.3408175090426136,0.415368813484544,0.27395637143827417,0.5236942963676736,0.34886690891288014,0.386022663654104,0.14691445070729167,0.43424979192392277,0.2043095088888569,0.3114476832569719,0.3382940154790349,0.20725407840701876,0.37077615349943277,0.4516480901424149,0.07203356820270099,0.35148436949261136,0.28006072096901446,0.2972668110578037,0.21694690431955316,0.4311400513512489,0.4076655147552633,0.45029701104551473,0.1365271425185565,0.5360920896074918,0.2892788758066962,0.4443796671876514,0.24106511929799115,0.27126077365785306,0.28337359132845125,0.5852830347645377,0.2134457567189774,0.40184467751302877,0.4856179800996003,0.2629834686125214,0.24581279674854767,0.18384115935360154,0.14352441230163607,0.5800702637887573,0.44982998216253434,0.3274484512431381,-0.0007879367335362403,-0.03893414334674606,0.014644945064860653,-0.06336979583695043,-0.0483812722750997,-0.011369229605383637,-0.007788517297423084,-0.0037787746131015577,-0.062492681368431634,-0.17266392190627938,-0.14441632695195653,-0.07390357297895198,-0.13571982219371864,-0.1143537700460781,-0.0713935542001381,-0.16034722178305535,-0.038345351049148185,0.0303968974677021,0.019371630700079814,0.0012635830315334822,0.06503590919785242,0.05989448596796935,0.007244658510585494,0.08296466730354887,-0.11225356647825052,-0.09971757779536582,-0.05593480739803622,-0.048172986205790407,-0.09016355204411984,-0.09261482778232549,-0.10926585988093192,-0.08529230104365815,-0.06293602701398661,0.04963397803719061,0.07499463627106343,-0.07497661680165575,0.04077165684421637,0.06137441808802892,0.01936581995773133,0.04917492052438016,-0.013475711626679538,-0.07574882423839611,-0.06923446038200662,-0.05880562280674654,-0.09992225058646244,-0.09837043927947928,-0.02272496418457831,-0.11813360119439062
7Networks_LH_SomMot_25,0.3881590531055143,0.4813614283223166,0.5121906902232224,0.4136468926304922,0.42178137548695155,0.259498529587746,0.416192984374777,0.47654256214653345,0.4697519037393542,0.3894697906280112,0.5445181985053712,0.5176846997435899,0.23625931923087945,0.46443090927210373,0.3705505053312004,0.49487847864071066,0.5565072476955321,1.0,0.34205824283440206,0.35370485042308186,0.26593241798735073,0.5761287876066372,0.5645394872253292,0.4980365315500392,0.36154581046954315,0.6095184634653098,0.37939921500332624,0.4636894029594377,0.2398628501900624,0.33474534100107795,0.22862769038750064,0.40359736631880877,0.40455426196207017,0.2983468670869623,0.46331279284305765,0.5293583804398778,0.09425879231870436,0.4568119421811822,0.3579372674005481,0.39199170991425847,0.35322970025609013,0.47242597283458815,0.47368334461147227,0.5477786911843194,0.1536046774320582,0.5744378626435679,0.20764200250702664,0.49562168841813675,0.28448179240201654,0.4148552654309605,0.24375394171960973,0.5513922609864697,0.24329955936579425,0.3933829572180991,0.5319237293190608,0.2555320607244428,0.31510744401539037,0.4105638863750372,0.29384758126547667,0.6942182551168286,0.4517683016463232,0.34300715678900295,-0.06795102386040329,-0.0954867500372084,-0.03796700203368008,-0.0671501379007252,-0.08244596648714377,-0.04180534148001974,-0.03169205913894962,-0.03409603012419785,-0.04340384913196025,-0.16047074302772338,-0.1144301912141132,-0.138415143215997,-0.1638363992075644,-0.11376387668699965,-0.05246302582412118,-0.12099970310497808,-0.11232636558612631,-0.03590552069904165,-0.06396479836953263,-0.08629754203168742,-0.04106670845688445,-0.04437620822518347,-0.09583283429165709,-0.023932706411854746,-0.13473737293537136,-0.13334366167869782,-0.0703975839009612,-0.07461039283205453,-0.10219375441195291,-0.05844936241000972,-0.08947499029818434,-0.06517479069443684,0.010796014774520933,0.09368617508956899,0.1226538134724126,-0.12125891571319415,0.028143753082882087,0.003933846771221997,0.02690131803011465,0.06459252709559037,0.02338658002410058,-0.002876629025015152,0.004123108033668082,-0.05788230357926165,-0.07881627944716688,-0.10191261660485645,-0.020635158935095668,-0.06866417323744446
7Networks_LH_SomMot_26,0.22983647973646912,0.2272987766382077,0.29481107541349016,0.14126396019359436,0.24693560800306247,0.21201648637209577,0.2132424852835798,0.33652643201120336,0.21956468268285959,0.3392194217243667,0.24696934745561086,0.32645331945695444,0.31548752997289276,0.33201050554325107,0.5954422799587848,0.2271376256839648,0.2623548426707505,0.34205824283440206,1.0,0.3285969218926022,0.6196773275853832,0.5318766072026008,0.4419541552495988,0.4004677049780669,0.23007890996671457,0.344526749109416,0.32574122272841777,0.37570104298459284,0.2696986172234148,0.21856398260419105,0.15805983518055128,0.23942078695288901,0.20155789136066143,0.2201029999908221,0.30136283828197546,0.2974672371703202,0.04593936443908385,0.24998726966125848,0.25244330760003425,0.2075202051027385,0.1671927243338198,0.3280023227561494,0.3587132040273719,0.33518267393084156,0.5774171814047085,0.3114176308892277,0.3888334167260255,0.5184939376448118,0.28203919056043936,0.3514464476268656,0.30771253674666893,0.20870905542408885,0.3031717353859193,0.21408203249502977,0.4037003228382993,0.20527414092863344,0.23661453658899345,0.18623580430804323,0.17588042284897398,0.35274224716523866,0.32951593693141956,0.21194314044373952,0.05423167139687812,0.02044273883555836,0.08395677455834724,-0.009169036999152131,-0.0063411782706637694,0.03667305797095981,0.0735490285277135,0.07740687988052926,-0.0034626678985557754,-0.0023464417007187936,-0.026280318621584767,0.00024409022701993085,0.02882141838407467,0.032346352440976986,-0.008162363347249804,-0.007077984330277056,-0.06896200675659646,-0.046991783838413105,-0.01478504570380229,0.012035337000811603,-0.005394443027534045,-0.0015714764581723673,-0.05369830622066643,-0.005177426370004138,-0.10148402570234501,-0.11494662194441253,-0.09894749999261357,-0.006840590577674892,-0.07171561857719232,-0.06502032302360694,-0.11813079114894745,-0.07241909788691334,-0.06405486965653992,-0.03939954277668294,0.02351658938693727,-0.0077529842278881225,-0.014236854929923383,0.015960590778229405,0.0655609808777276,0.07931170102992356,-0.03846828075123782,-0.07623543668341802,-0.07079296993011615,2.877132008117866e-05,-0.06321487087079398,-0.0793671051455096,-0.09381195646371572,-0.1426211691095804
7Networks_LH_SomMot_27,0.08658636317690503,0.14874815018196266,0.23844141428810114,0.10414219542441754,0.00270715535337713,0.02802304790766429,0.0912288112862403,0.3739394144927537,0.05816995439810578,0.16057916235419717,0.26321827974569256,0.043363203274282114,-0.01459707173627019,0.35145038043614907,0.31993424272929216,0.3652812142417531,0.2338073514963498,0.35370485042308186,0.3285969218926022,1.0,0.2690683264796112,0.5900123712865915,0.3118264747320079,0.2164548228718509,0.5664856722976134,0.5154675057612993,0.18179708712601808,0.4023819428096744,0.43140917301382004,0.23494432452530017,0.005045350548536932,0.09439338580584972,0.1199461296125711,0.2173727375831138,0.254829260742345,0.22210608411378063,0.14418583212053135,0.25391037222339,0.24167675218861395,0.08745719854421449,0.15985157181549203,0.24510355317216076,0.17217098561361022,0.2287196143699164,0.17643097806379748,0.23377744878370812,0.03770720556773101,0.2245099395957948,0.2041110454387441,0.3431481853716325,0.1256034416745244,0.1934080052933885,0.11771546971258363,0.31122405180208446,0.1707524111718285,0.04863030438647244,0.24688256488296337,0.3816215092137672,0.5377041869873521,0.45099453180022614,0.23979628908813985,0.17137514611251248,-0.029268322420023758,-0.07418198044184048,-0.03628022061247354,-0.05624270124588448,-0.05258025166776921,-0.01669669865136919,-0.00518162532335796,-0.0425875486777588,-0.07632881792836935,-0.09982105675220719,-0.09131046403007129,-0.05931397546733227,-0.05906250420650188,-0.02459886877996698,-0.052171865845466035,-0.05618922510760888,-0.10005415240195474,-0.08032250793681303,-0.09437201659336537,0.042983680079027836,0.04133011858470331,0.0557668981050749,-0.0438957053714605,0.032295855232928036,-0.12357465803524217,-0.06701181656527586,-0.1131239330195892,-0.060442108970703,-0.012746015080327142,-0.029703384979693534,-0.06819559866845211,-0.014765804743618386,0.009188149342499202,-0.06469143003708479,-0.0152888427446196,-0.07474333107175479,-0.08111298524094716,-0.023022224226848947,0.023877023093680415,0.009030807775068461,-0.06144029368155224,0.008050370165004086,-0.015989207293181224,-0.018548432703085236,0.004350681799855255,0.01641588735380415,-0.04517540050372791,0.021422605865143964
7Networks_LH_SomMot_28,0.2518421833361575,0.2715047479704541,0.3243775390931342,0.08191065811355785,0.14625944712667732,0.13041857798184103,0.2246347991788772,0.26670357690213387,0.24450155685504377,0.30794751816320276,0.32362694524979785,0.3029824146172729,0.1740536904995468,0.2743545706266891,0.4626760302795637,0.3104045723709814,0.28353070768460875,0.26593241798735073,0.6196773275853832,0.2690683264796112,1.0,0.4584961768079972,0.41464624347564394,0.3759218511905032,0.3504192330414691,0.36845228251369444,0.3159034150069047,0.48529762943587773,0.4502205396719065,0.3235502981227916,0.11934766947607486,0.1914864282896,0.15741977986463593,0.29565442796593244,0.2460720499305203,0.29913752187421455,0.14474161609629665,0.2850860560575773,0.24861882733546692,0.18755480278837322,0.1010496893924505,0.34913058106298245,0.3065241747144622,0.32830521909179605,0.3199257567910044,0.28023005099749454,0.3689078391064505,0.4209066350434069,0.24837397137221,0.4685482867242975,0.16035255043112417,0.24552083679315514,0.18296647510668515,0.2841077581026475,0.3995642602515599,0.27424654041949703,0.19361888761077034,0.24499204125393678,0.28096385980813954,0.37033911916960643,0.3627579813337522,0.2623485345133858,0.0896934660988809,0.051410295953443846,0.10952593854791981,-0.042275178426711385,-0.015535433516387072,0.00873094126692199,0.08434793737227027,0.10086989380207619,0.007722621607363727,0.00432750474965236,0.02515455675424681,0.00832832171164185,0.0211073146202935,0.03931270077675902,0.05386054989465536,0.038172041924187126,0.06689822712246003,0.07505419206380268,0.11875244300896497,0.025269970764059322,0.06812054217978379,0.05663997771535219,0.039072981884159766,0.13173872371653855,-0.13902453357118297,-0.13298679304574854,-0.19498857131399586,-0.05038098641275166,-0.08098106628016022,-0.1094188059018899,-0.1891516297305425,-0.167814214438118,-0.011240027463059668,-0.0803570327631824,-0.045595054955280705,0.005979602900541231,-0.048330166800100015,0.006020128616515555,0.06886618390472218,0.027871913510427244,-0.07768501612453305,-0.0927133240865295,-0.07205780479678692,-0.0028538317674297927,-0.055768255901643665,-0.03322338864038773,-0.06562016339716611,-0.10628661150950394
7Networks_LH_SomMot_29,0.3247527407776632,0.43383803598438797,0.5067592174682989,0.36993866851804774,0.33871236643425834,0.213764188414983,0.30711562114922597,0.617299612228317,0.346554652100554,0.3826950053736485,0.5293078872525664,0.3734916266527431,0.16224153396861724,0.5484381140542312,0.44698642948844985,0.507853421943141,0.4178475138944544,0.5761287876066372,0.5318766072026008,0.5900123712865915,0.4584961768079972,1.0,0.5725943906693481,0.5143427259384926,0.5115452375481542,0.6140818411127935,0.4098267191300811,0.6589775227564594,0.46457763113505024,0.38075458371146936,0.1692939384028825,0.34875501499501715,0.3900062228263846,0.32802557798842497,0.4903146663166163,0.4477044349421577,0.12738904416583222,0.4166599850247366,0.37507845336379514,0.31022254637684377,0.3230968108953674,0.46614215760640715,0.4347713544198404,0.4714477753231908,0.2806082824387304,0.47215473430907884,0.27275880505228495,0.539462520779441,0.2964173852131855,0.5348363790625756,0.24944804694424194,0.3983795259528574,0.24375736331645886,0.386290519769669,0.4338428872253181,0.19590286180017497,0.38140934443865326,0.4761530306679082,0.46405622666676827,0.5986793241276664,0.4675431171852846,0.3115285328897467,-0.01160622957733636,-0.04625756423048671,0.008407128643019467,-0.06298704810599627,-0.03620210253788966,0.0022482005052051985,0.02803434384732093,0.014873074508590652,-0.04295812734015645,-0.12785146953097698,-0.10410709863418577,-0.11151942845280663,-0.12383883524000362,-0.07754483940539623,-0.037720307649705034,-0.08429090503183082,-0.14408468126578125,-0.056096452134810994,-0.09624291581663495,-0.04675963879666976,-0.00047790109428825903,0.0009512623369270891,-0.12236723134560541,-0.029206437907940006,-0.12120433710521733,-0.120774683836356,-0.08610319054243695,-0.1501064091912067,-0.13308857537204105,-0.12929027303956322,-0.15360650074656973,-0.10333648371940142,-0.016712790916391863,-0.004583800411883439,0.08196839502040427,-0.11886344162717678,-0.09393585301601298,-0.018508005599028335,0.012997398172513573,0.07722579608025858,-0.017616155417069516,0.002794915040310828,0.0032849410200007792,-0.026086670403291195,-0.023840959899363915,-0.034862302980256464,-0.07918227328260499,-0.038687035520083464
7Networks_LH_SomMot_30,0.32913123881284745,0.47313375089353144,0.4980642896071755,0.30900621686482865,0.36890581276994594,0.15348426075455318,0.22402213541551697,0.39828490600839656,0.4615270609041142,0.273569691907318,0.4858114979649291,0.47102977889652226,0.2058555729540647,0.4007452275973121,0.3489931277092285,0.4105615019772424,0.3408175090426136,0.5645394872253292,0.4419541552495988,0.3118264747320079,0.41464624347564394,0.5725943906693481,1.0,0.5511271440233784,0.264265139690041,0.35944006207174267,0.5132013926430005,0.5490302154530903,0.42529889278118965,0.37272375206107516,0.15115602661102445,0.322689096207421,0.33622625560225355,0.3362455259871207,0.3484143033223021,0.34840453084513234,0.1270143446153309,0.3228249849074705,0.2986184986618656,0.3337651446242444,0.2509844605533415,0.44248065293520866,0.29273224453812074,0.4114929112269709,0.19730662399269236,0.49279812564007397,0.27035176050095805,0.4577769513031874,0.3493567501934204,0.5125249010863255,0.25083149779270264,0.36732884835022617,0.3647458563295895,0.3260447615089464,0.45228949841592697,0.32075150065408964,0.3859464662933983,0.47706821836590446,0.22132706857413906,0.48600602635611717,0.3427113771394309,0.2806210615312308,0.004177563680459355,-0.06898804262841096,-0.01630147435308419,-0.06939206446470654,-0.05678235557077498,-0.018781437304009385,-0.013984843635735631,-0.00397905295031799,-0.010549502335837463,-0.06094989038544236,-0.04597406187309634,-0.056231171860917716,-0.06328776441008026,-0.04060294472055598,-0.008468146899141604,-0.031034873810142975,-0.06212170029229251,0.009506828822823934,-0.022517106974669587,-0.053274351875576595,-0.011198391026968374,-0.034423862060794466,-0.04651797029872074,-0.004767364544629282,-0.11774911042719893,-0.11398808569090647,-0.10358823454626531,-0.16183620065777662,-0.11389414540766868,-0.11673207422763535,-0.19411542936363993,-0.15653277465043272,0.03917483378790802,0.0291287472961191,0.05868251635042711,-0.041213535282861626,0.017714994767853532,0.03936816487735872,0.09989297685004206,0.06188870739097269,-0.015744578907791452,-0.031399230817383494,0.01672438754436168,-0.0630035881605147,-0.05300288300130513,-0.03849042039799062,-0.060987458970464536,-0.0491146257844125
7Networks_LH_SomMot_31,0.40676084434316784,0.3541413650888719,0.4439785386589024,0.46869878219236427,0.4536319922461482,0.4369067198643446,0.4725494085997895,0.496131871444631,0.3819419364291506,0.4705812350428042,0.43231909013621206,0.34238400307436573,0.1378172932421788,0.34181087101623836,0.3081456613448361,0.27767007997544385,0.415368813484544,0.4980365315500392,0.4004677049780669,0.2164548228718509,0.3759218511905032,0.5143427259384926,0.5511271440233784,1.0,0.25759770698030804,0.39306659987979875,0.5420093561287813,0.602289501296743,0.35458435773925684,0.5051787450149986,0.2697211347587258,0.394186107160615,0.35808127615020435,0.18972027770806293,0.4492778519737866,0.4543371919017604,0.02119414140830485,0.4310312844654492,0.3952918083432076,0.3466954099405149,0.24247812165237725,0.33320569358249,0.4098721884654551,0.4095705440568524,0.18909877276814763,0.38742514118524124,0.23556318660053058,0.492092964097491,0.2424934007746786,0.38822648022817896,0.29916950210499843,0.38442965820641006,0.3914285772087191,0.4009604005918174,0.5604370687072796,0.36312673395073036,0.34267461641931546,0.27206391214978193,0.1985619632562446,0.4893438025584348,0.3987335991279497,0.27535362142529823,-0.0011975589280722608,-0.05473928054643703,0.014516590602344946,-0.0435819893997698,-0.03253308676122232,0.028133775787629534,0.03406621067384274,0.0219190666355589,-0.027549075014160436,-0.15071522727673553,-0.10795095285946422,-0.13036026837973694,-0.15916462097167508,-0.09450205592836668,-0.032844286232617446,-0.0732000015568882,-0.10436491322851521,-0.021429889835570353,-0.004047060768904997,-0.10217179845380048,-0.06365772415020252,-0.07557894291144787,-0.13807046596696132,-0.01677070463714569,-0.10470967752758034,-0.15030097502176398,-0.08304289447791635,-0.12269665649591394,-0.1367515628731651,-0.12250102145011058,-0.20883356265167288,-0.15025301146928077,0.011568081144582342,0.03772568579843596,0.049805336610692474,-0.04130255063133562,0.014058934158935436,0.04278681819192657,0.057297199804087075,0.07060572974435388,-0.018802430360319776,-0.0838298453836087,-0.13397191087940605,0.02446306449073132,-0.01582319065097739,-0.02558979990033729,-0.033866065093132995,-0.10952088314009907
7Networks_LH_SomMot_32,0.21210783998804925,0.183263179395361,0.3345284869769373,0.22781668687151552,0.013075853846459163,0.05323538577212614,0.15785648158145152,0.36493446269005836,-0.010699900479077859,0.21937701275784974,0.2842715990514732,0.026672587470249677,-0.06161265428372684,0.35917377264479383,0.17913875586604716,0.44144537252179067,0.27395637143827417,0.36154581046954315,0.23007890996671457,0.5664856722976134,0.3504192330414691,0.5115452375481542,0.264265139690041,0.25759770698030804,1.0,0.7297625721771599,0.17853905832710115,0.503961966951572,0.546434811555796,0.3574321866122497,-0.05002305788806322,0.17857727080236996,0.1515888321144461,0.23859064012136766,0.28177551134561657,0.30654257035774846,0.121413672052427,0.30578889860625474,0.270169889784189,0.09778876078086006,0.07830221196137013,0.2422615733031524,0.20055120307462396,0.1989534668264086,0.019226279209668167,0.16234542274586072,0.09869080527269805,0.2943863533088481,0.12937528195050713,0.3791509811627177,0.04290114706554041,0.25376359293821843,-0.007881341664090737,0.42963821363425203,0.2712397841730333,0.09524606720884969,0.19915775981097936,0.3379811123508442,0.6500833711556937,0.49873339315363185,0.3896559133683772,0.1911025977062225,-0.08792855128445332,-0.10210891342560975,-0.07241004905590323,-0.08364019445992651,-0.08073267877711182,-0.05162984287772936,-0.03172292216256917,-0.057864434229656106,-0.08023888177101769,-0.10433144781526295,-0.07816686314710229,-0.12628168351550942,-0.1004178841825442,-0.04864393159112738,-0.06870780568793129,-0.04933304356631491,-0.0876786591560736,-0.08550288220286344,-0.11121259615105669,0.035651843032592466,0.05758370671900783,0.07716739802133593,-0.06501558818114948,0.0011547677645870383,-0.17963948876682106,-0.08741964668026117,-0.1783655441156841,-0.016373085935329754,0.02141925554302269,-0.0032832667727513026,-0.13571880298719136,-0.06756672968831105,0.0160240381131443,-0.05924161632875209,0.01960053928372216,-0.046422345779305096,-0.1373250629988513,-0.07009562845231422,0.03470260293447691,0.029961023068114344,-0.060992190852688054,-0.0040439890217523885,-0.00608411195367386,-0.0160756283176276,-0.027081763615811945,-0.011667950319689233,-0.02819366534074202,-0.02993245892924817
7Networks_LH_SomMot_33,0.34264022416440115,0.33826481531946706,0.4306839744794652,0.3596381091590949,0.21521489096666532,0.17681503282741656,0.3137471167034064,0.45729699245991573,0.19768965823431556,0.34182019528409757,0.4391873012989981,0.23579478881236787,0.07580208228218381,0.4314648156002377,0.36799922655551354,0.5468089457907634,0.5236942963676736,0.6095184634653098,0.344526749109416,0.5154675057612993,0.36845228251369444,0.6140818411127935,0.35944006207174267,0.39306659987979875,0.7297625721771599,1.0,0.30176405119839983,0.5886649978123082,0.4063953065759136,0.5018883982789051,0.05186780330920298,0.22440694757812646,0.30179257882776966,0.24044395755077203,0.41290443649634884,0.48028721898750193,0.16421914941377108,0.42726824742302794,0.35957087160749385,0.23908522171268246,0.26281963633346717,0.36032237395628397,0.4022027158993165,0.3847563517094892,0.13622840593202007,0.3798285579816059,0.22633445817599582,0.496309945633419,0.2892733471338702,0.481244339139286,0.24325429459548797,0.43508690411443385,0.17060462470786228,0.5417932350799429,0.4673970893521195,0.23335926689600126,0.3488507195707412,0.4219441125954331,0.633951334665237,0.733628232880221,0.5807549365139519,0.4333371417395958,-0.12879382978342868,-0.14460525814328884,-0.09702487957636152,-0.10155075458415351,-0.10902468666583273,-0.06694139213498106,-0.07059672367389165,-0.06432890922536405,-0.11768377943632433,-0.16561510177227232,-0.12757077232851208,-0.15401047576088675,-0.14941014797816138,-0.10171439036123492,-0.11787467868056212,-0.12063750604102398,-0.08794627550854421,-0.05466533276376994,-0.07840161809488629,-0.041335537001826565,0.011029461453924236,0.0226806641502168,-0.09152623206900547,0.003950772624961322,-0.15398003773702693,-0.0891754397757765,-0.11632807925281763,-0.06088350109790604,-0.02271927147113885,-0.012251880909089883,-0.09632136895464043,-0.03390408194213931,0.008640805038150968,0.0012673467846450177,0.06306418141216788,-0.10957761205560965,-0.09247028518497712,-0.04228571118316612,0.0070254740953106165,0.039279597470224546,0.008084079490682579,0.02642793792884632,0.023445460843553898,-0.019331160309049734,-0.042714260671801875,-0.07438596883629074,0.026511479254158567,-0.04500263879737668
7Networks_LH_SomMot_34,0.3125405780017073,0.355522388275799,0.2878940131373171,0.31632132511342476,0.33843133149614024,0.2817998320408635,0.288663641177682,0.31880233814266895,0.36349971012995014,0.33210894616815656,0.3811155514383227,0.36293254432566585,0.11943490592039065,0.23505028629268648,0.20770940922007283,0.2678218926145232,0.34886690891288014,0.37939921500332624,0.32574122272841777,0.18179708712601808,0.3159034150069047,0.4098267191300811,0.5132013926430005,0.5420093561287813,0.17853905832710115,0.30176405119839983,1.0,0.5219195227101888,0.4034480036497931,0.5580598740293793,0.21689977559389526,0.3035617184423821,0.2800916942829467,0.24893066740891584,0.32457269067962113,0.3899891297807966,0.04758087597934241,0.30902103644838935,0.2652237754986422,0.3374141510306207,0.16385704150347744,0.3247258699171036,0.3361035817809542,0.37416507425456097,0.1828543754380878,0.37016147606833744,0.26935504681871825,0.3834087271056094,0.2894446551443322,0.39262032160976557,0.179131234000611,0.35654045938787615,0.5458047714410403,0.5467858004426558,0.5950388740397822,0.5549503914136545,0.4531593859443005,0.4790528355504583,0.16272027878666703,0.5097200956179492,0.5113622795517205,0.39238215790317604,0.02679306501729066,0.022791796049437287,0.07351787698105,0.014085398167364135,0.03937957846369858,0.07634363159458026,0.05860470112221101,0.06423770108792085,-0.001517966365078417,-0.02169084988465219,-0.04578168492871174,0.010763338363278368,-0.01072981851236989,-0.01735466220320292,0.021655207471094142,-0.025073336065567893,-0.05829765688974317,0.01428185405160519,-0.03902472847631733,-0.09026007950456966,-0.0748408482753246,-0.1172347364864528,-0.12680018408245425,-0.06688262780144276,0.018323397284984992,0.03576963386855734,0.042060117267983116,-0.05537070263177201,-0.03233952200118034,-0.0602338115155412,-0.07478308458955915,-0.009334130394489938,0.013493819895139024,0.04056835963964586,0.055835528630496664,-0.0279818618450077,0.03582420191623943,0.04540695543263239,0.09686783573542875,0.05164551890685052,-0.09619503717609076,-0.11129367836936213,-0.09494145695005343,-0.08333970681488868,-0.09356905644409813,-0.06452654068779796,-0.09508289768726465,-0.12918228078380295
7Networks_LH_SomMot_35,0.4148535578310621,0.4149194582615382,0.47409356545476655,0.39878296749139613,0.36788627852867717,0.24464943461579153,0.3905970129696085,0.5239959255005324,0.4074355156834281,0.43281884134466936,0.5055625197765641,0.42061800914901676,0.1279765459616884,0.4565664865581822,0.373550445817808,0.40870333551710386,0.386022663654104,0.4636894029594377,0.37570104298459284,0.4023819428096744,0.48529762943587773,0.6589775227564594,0.5490302154530903,0.602289501296743,0.503961966951572,0.5886649978123082,0.5219195227101888,1.0,0.5566296262664268,0.6014276320403741,0.20563599897461213,0.34887110198218,0.37644840669393403,0.2898526898206163,0.4456871904786916,0.46709922216544425,0.06574944928122606,0.4494021814690934,0.3923637939675472,0.3338982085343061,0.30165312730488536,0.39188102222075033,0.41481390066025026,0.4945751162346253,0.13414766451863058,0.4077989712290201,0.3665564831707443,0.5538026118042634,0.3973863500131673,0.6010625293439993,0.28635793153455336,0.3370212915482216,0.31692847360024684,0.5026400292485336,0.5596199165565878,0.37017217017590875,0.49224094875514135,0.4307939600095775,0.4740764582676418,0.5902872587179347,0.492014228684494,0.39255821669666147,0.0181265394536039,-0.027463641269607538,0.03254917487260014,-0.027303139937688313,-0.014869229894641914,0.027744959187866323,0.06931719931532689,0.055629724961137154,-0.047140352978397235,-0.08200553861796395,-0.04590668286433498,-0.061695465123937,-0.0635415694712604,-0.00644647380208719,0.013433908623191647,-0.003655089665364505,-0.11469999048188995,-0.04887753918287755,-0.08064964181029324,-0.08781952380707658,-0.05455932557652437,-0.060890251109494475,-0.11364738940881303,-0.07407009148793084,-0.07551516459595063,-0.10248517399551345,-0.07038024395513584,-0.16692124467337113,-0.13901104402996273,-0.146760319965599,-0.15776958438268485,-0.11193605875018603,0.045928589437219704,-0.010340689405444532,0.05874884363869537,-0.08709417958438538,-0.10767943397983902,-0.04112203847000074,0.02972878613737968,0.04561485985792789,-0.1070697894316686,-0.06693973787890128,-0.0570800563003886,-0.018086794389407135,-0.04552393281886297,-0.0500620159808748,-0.0756141782842454,-0.1104265597283192
7Networks_LH_SomMot_36,0.17073843046104073,0.3180387006923037,0.23721534765217922,0.193022058848887,0.08015889241410479,0.13397008171830874,0.14180133607056472,0.2938426015965731,0.16484294113845108,0.21314249109596786,0.2903243796491078,0.08757353802094679,-0.057604976289096166,0.29600396499231196,0.16131191154714897,0.36123036653437723,0.14691445070729167,0.2398628501900624,0.2696986172234148,0.43140917301382004,0.4502205396719065,0.46457763113505024,0.42529889278118965,0.35458435773925684,0.546434811555796,0.4063953065759136,0.4034480036497931,0.5566296262664268,1.0,0.35310097136366936,-0.012408701934725985,0.0719706354778518,0.11394344625134015,0.14378602518997866,0.17249014098244236,0.19369906365330722,0.0539285916054435,0.29161499289057996,0.27250111388689635,0.21890610393266827,0.16167691918091284,0.19849857892993236,0.19879154933859805,0.18872278593288458,0.0797756537823967,0.1601546965237065,0.2275238239936007,0.27632198943321734,0.1767391101575511,0.5918363566713852,-0.00414055174311981,0.15448862263142046,0.17714082046360383,0.38005232408660267,0.27483744569616364,0.22573418056486472,0.2743934158550339,0.4113543289609225,0.460121991148348,0.37369476990175765,0.2755267225588973,0.2677142448068831,0.036527016677321764,0.04252465816621612,0.09456318960049719,-0.007455896523977319,0.044186716115200725,0.08369732452645347,0.07902262502656292,0.09566287195096108,-0.0599606058016955,-0.08936146311451798,-0.07914218173194254,-0.016278295428666982,-0.0290412010377768,0.012443756915419098,0.0016808225132755538,-0.019561992081341927,-0.021255747509069143,0.032635758299068014,-0.00246316489507672,0.027165694008615824,0.0731365380937638,0.04797320157848323,-0.047152348543604436,0.04200485637039034,-0.13118027464026696,-0.07495507763678341,-0.11871143041095512,-0.12079629134230199,-0.05411500421478194,-0.0865466490054904,-0.15660071542230172,-0.09221230085356394,0.05645366663363395,-0.04500217597391797,-0.004542231839548093,0.01780693762828415,-0.06760368190828478,-0.007377144290938318,0.07707930262155455,0.03523613002417007,-0.15333755652803346,-0.05166667902435964,-0.04508223203059733,0.00974774649404366,-0.009981213988726832,-0.019901534938703187,-0.08838059967575704,-0.08800737085945184
7Networks_LH_SomMot_37,0.3379169285673208,0.3067053562225023,0.32423520700294156,0.3268660677455089,0.22982848432810912,0.1730536765951037,0.3280672549252696,0.30175037584372694,0.2888790529234851,0.27769349501574503,0.3822000128430506,0.2682244278365889,-0.009416631158475103,0.22741701000735867,0.2405663534792183,0.25124797471244875,0.43424979192392277,0.33474534100107795,0.21856398260419105,0.23494432452530017,0.3235502981227916,0.38075458371146936,0.37272375206107516,0.5051787450149986,0.3574321866122497,0.5018883982789051,0.5580598740293793,0.6014276320403741,0.35310097136366936,1.0,0.16767176027334546,0.2636961535236045,0.3335151978034184,0.2799251534510263,0.36425372674646894,0.4476532426832088,0.1869486637203156,0.3854651034592509,0.2954425660482437,0.29725846978051546,0.09911617879608638,0.3343080971201879,0.29176956448701424,0.3247909476788312,0.03724115317112082,0.3047327929729417,0.2561792291102698,0.36649417037187954,0.2906991204658045,0.39762248643617965,0.2070247978669359,0.3315026707532732,0.3881244185043355,0.5875943041610852,0.6027368003936945,0.5832176781104756,0.405651905422294,0.3879329932775131,0.32726269800313407,0.535843560698368,0.46627205603941674,0.43918261808904574,-0.1000223909711677,-0.16768275795433793,-0.09383826737781543,-0.18826260533572814,-0.18914954903244316,-0.1572587597120863,-0.09718856356267355,-0.11851983097782488,-0.08100995383647841,-0.13384709455657354,-0.11311849567635164,-0.13478056575468544,-0.12283988651051475,-0.06996825623055762,-0.06841540388920808,-0.08330236214666341,-0.09645399157334598,-0.05665886520278688,-0.07858139265156584,-0.12399561804723377,-0.08924674677468422,-0.10745828154122154,-0.17145653966462288,-0.09225655966080085,-0.14557464124314567,-0.08369583706453139,-0.10181909802011244,-0.0952045307163213,-0.07231257115033851,-0.10261470724891161,-0.18715204653470166,-0.10433913354090081,0.02175178389035503,-0.031178525209217687,0.020897044976932694,-0.09319625328748325,-0.09582357707415333,-0.029357952733346567,0.0006340991225810443,0.031162001967599127,-0.07460347683264848,-0.0729519740163048,-0.09399759664476742,-0.04451285836823026,-0.0646013560530846,-0.04477629928843244,-0.014959696148022571,-0.06878372778366248
7Networks_RH_SomMot_9,0.3734851239169214,0.19978106393594716,0.2507829364470203,0.2599661571238645,0.32650220703289895,0.3110997496405594,0.3871227252270971,0.23142303231788802,0.2820556036732363,0.30945393447376224,0.18767471745588662,0.3345487230970472,0.2070031791398117,0.18882171885318103,0.17525285493416196,0.1460029135633202,0.2043095088888569,0.22862769038750064,0.15805983518055128,0.005045350548536932,0.11934766947607486,0.1692939384028825,0.15115602661102445,0.2697211347587258,-0.05002305788806322,0.05186780330920298,0.21689977559389526,0.20563599897461213,-0.012408701934725985,0.16767176027334546,1.0,0.5043474199334582,0.4339936282638327,0.15979276752208008,0.3705021062286455,0.35414272908156796,0.003927684206923566,0.2849280071629292,0.19989264687005387,0.2226823606751524,0.11392633342664502,0.1736371424450581,0.3476736034025047,0.32803336246760867,0.11605016007259153,0.2479631640007441,0.21721221994654444,0.30551783212493283,0.17407591215013743,0.08054526368188801,0.19973060750252275,0.19199188087762276,0.12411039668162108,0.10991766312074432,0.32997855999115794,0.1808867702581535,0.14895583113978803,0.00961395226081561,-0.09902670726587495,0.13507510810525714,0.12948828612919014,0.02409130706860414,-0.07225263150276723,-0.05160926549849961,-0.022662191131987964,-0.04482401547785342,-0.054073346101443855,-0.03520282897656607,-0.04672420778611889,-0.038219192695236756,-0.008426360224494585,-0.03573188379793658,-0.0031290321177735512,0.011696820285998501,-0.02915502600502638,-0.0019361372271607465,0.0016117349033949176,-0.02723636890396664,-0.11123271597246417,-0.08316373109278513,-0.07652879034627143,-0.056447472811443224,-0.07924572621383659,-0.08012036332208286,-0.09432612844123588,-0.10594484536013467,0.0075596589457752605,-0.07292728813686157,-0.030347104861701474,-0.06506990876431161,-0.12091734974764029,-0.12959557015784773,-0.10265395229657355,-0.1280784709159236,-0.12363463925474426,-0.032573509960979206,0.02051924284367977,-0.02392202144121324,-0.014705665130457285,-0.004208173594639584,-0.05378374154791688,-0.045063960468495666,-0.03882596430484849,-0.1542408735624296,-0.13247761147923037,-0.020814965555174963,-0.11293460155434697,-0.11135759705642939,-0.06629700720540548,-0.1767598619219901
7Networks_RH_SomMot_10,0.42515321027870817,0.34353116218556373,0.46570241657315137,0.30141087177781084,0.27702909297159434,0.21537038900488642,0.32692684408033273,0.3433124201402325,0.26612626346161394,0.26358820152874746,0.3024994938410619,0.3620518270712971,0.19131424612904657,0.3249873662103376,0.21628588977095498,0.2604176635552381,0.3114476832569719,0.40359736631880877,0.23942078695288901,0.09439338580584972,0.1914864282896,0.34875501499501715,0.322689096207421,0.394186107160615,0.17857727080236996,0.22440694757812646,0.3035617184423821,0.34887110198218,0.0719706354778518,0.2636961535236045,0.5043474199334582,1.0,0.5507532353623176,0.33607580534840864,0.5884492413804955,0.4837856104805951,-0.014253269487889013,0.27179691011428014,0.16551945396683632,0.14597599535025788,0.12268955728654428,0.27109602260247,0.33421533305143236,0.37701499976635333,0.1373863923364402,0.43140445860608595,0.2431377916073627,0.4195321126258554,0.23827682536965503,0.1628209206450555,0.26692645793768827,0.32187825954642285,0.20641044983710025,0.22727354172303657,0.4524997862294069,0.2197008483466075,0.26129258142618883,0.11281384794228665,0.017327487408951677,0.28282030399426417,0.2327679491624091,0.060654822355488316,-0.11107205122707861,-0.13763762663445397,-0.10782298755360653,-0.12596643107170447,-0.12523426733764145,-0.10375433856532455,-0.11940465905266814,-0.12572926598850445,-0.10932099789690336,-0.11693381008224643,-0.0969477340198836,-0.1258273959567579,-0.11096538786322131,-0.0600237351735615,-0.08592795521627872,-0.06699446964100296,-0.15147643220721393,-0.13377218491447232,-0.108264807547073,-0.09163423610949858,-0.1132961509935268,-0.09899190243412978,-0.12118443311842238,-0.12338230621367824,-0.051255144446253606,-0.12677705175010281,-0.09912729220736252,-0.07055811352527046,-0.13650318464773198,-0.14295135680557036,-0.19087274149038438,-0.1761869175503154,-0.017431179497248542,0.050570988539777526,0.10193849246687317,-0.0765460928017613,-0.02199096168477217,-0.03364478904441749,-0.06157997759753901,0.04544229098700256,-0.01002597292222213,-0.1074949508985409,-0.10471112541975955,0.004427294993212715,-0.0832841515797221,-0.06825831034583583,-0.03859696627259548,-0.13333749198251785
7Networks_RH_SomMot_11,0.49646580646372446,0.4316039268012542,0.5362253674383024,0.4783881596898621,0.3830887055932643,0.20032115454938415,0.3011789928718562,0.3398593002227588,0.3857733956365113,0.28292293221780446,0.3398695900527594,0.45311525109146544,0.18126144164908126,0.34989443350609645,0.23679871693890894,0.2403928566764895,0.3382940154790349,0.40455426196207017,0.20155789136066143,0.1199461296125711,0.15741977986463593,0.3900062228263846,0.33622625560225355,0.35808127615020435,0.1515888321144461,0.30179257882776966,0.2800916942829467,0.37644840669393403,0.11394344625134015,0.3335151978034184,0.4339936282638327,0.5507532353623176,1.0,0.3792150069686794,0.6174892494581873,0.5908241758188058,0.17413148882058327,0.3534245001066495,0.24719222718902178,0.21508685318359846,0.22582459164518193,0.3652855683635318,0.41167166418623324,0.48215744893585033,0.07281530759642135,0.4189400207738668,0.21719780723753393,0.44773852640139616,0.2406765112353127,0.19715453099137775,0.2185443182795462,0.3129537769630808,0.17731639288702097,0.245719960185503,0.41880299004455473,0.22422946207039463,0.29170198214681303,0.14039660068258403,0.04438469559852018,0.36028418034707665,0.3032309788448135,0.056301387325446595,-0.16728535231290623,-0.18093007839857989,-0.1585390975518887,-0.16220605005391497,-0.16678165193357236,-0.15571838655010595,-0.18802007113205804,-0.15537397979631395,-0.03666564781158496,-0.12785865189583226,-0.06433566594172771,-0.17427374546383173,-0.19672741695134519,-0.17241227844576726,-0.08110239420445545,-0.09843019249819837,-0.03308382790199311,-0.002498020292734368,-0.0008775629937832562,-0.08289068594359689,-0.01220015116344694,0.004914127102364945,-0.053514227441551335,-0.026178984549875727,-0.06549115459075107,-0.05588930798024755,-0.004158285844279948,-0.06026656231267157,-0.05804755384960848,-0.07171111549838749,-0.15848750094205774,-0.06479120511735212,-0.010531973583127891,0.10719291073159931,0.10850429410321424,-0.06129153468675907,0.05005806266977113,0.014588340844735087,-0.04643419100664143,0.0030177588873286252,0.05594917542827399,-0.03148616527213059,-0.035619709117560905,-0.07705057853239487,-0.10849213899825007,-0.15703536503787288,-0.05588962512347975,-0.1405491119122933
7Networks_RH_SomMot_12,0.32495894257829716,0.34196862291997954,0.41602195513036244,0.1604761140791932,0.2104630763371867,-0.04025379445969547,0.1516492128960649,0.2178372361829865,0.24883509820754524,0.1465415854200073,0.3103322388120495,0.3415266139049687,0.11445725960047781,0.2373437020318311,0.19652989789284436,0.223920174833751,0.20725407840701876,0.2983468670869623,0.2201029999908221,0.2173727375831138,0.29565442796593244,0.32802557798842497,0.3362455259871207,0.18972027770806293,0.23859064012136766,0.24044395755077203,0.24893066740891584,0.2898526898206163,0.14378602518997866,0.2799251534510263,0.15979276752208008,0.33607580534840864,0.3792150069686794,1.0,0.3721667751737971,0.4704218950601542,0.3905715807068544,0.29553595808829797,0.19666462604541046,0.14645400320376964,0.0421130508645627,0.3553130652980427,0.25616930444368713,0.3520626528797392,0.06098211504986138,0.35359742591717,0.21306104324777275,0.2985558072327912,0.23623469477697426,0.2134036212919389,0.1642055105973905,0.27428040189094194,0.1785730250557651,0.239042719228891,0.30478200813607875,0.21446292883323764,0.23614439169872176,0.22773311505382354,0.1434241115529506,0.3613914371266853,0.2899725070444162,0.08659191645907756,-0.009973195093409503,-0.11894648425753453,-0.05609915269780023,-0.13738888222305923,-0.16778479856021453,-0.1729197732676879,-0.08844140232224093,-0.12114204824747996,-0.017456480611687853,-0.09170777619097385,-0.02365751012055664,-0.1805732399606009,-0.15832705584391105,-0.11775677556736797,-0.0577171723752776,-0.05318838991634267,-0.048386008879456995,-0.04672981477716516,-0.07039205623778717,-0.009524840841596466,0.01692812864399995,0.03816678675354432,-0.021500754162288013,-0.00410417088440792,-0.09956387007248993,-0.02027316559078201,-0.08768562097468005,-0.013892541293116598,0.03305599196861422,-0.021185622214144547,-0.15460198251771914,-0.07034063112361219,-0.051799121152993295,-0.004637684872834002,0.013910605792266474,-0.11404005884942298,-0.02674837596295097,-0.053699622543303946,-0.10637496173044425,-0.036861388075180634,0.09120076877754425,0.02574827034005005,0.05256379531453544,-0.09793855996873543,-0.08541800125579507,-0.06929004712897618,-0.021220255945135442,-0.02626644243049296
7Networks_RH_SomMot_13,0.5132131152492924,0.46033128213641955,0.5849781527565143,0.46742379072226203,0.4418957631031299,0.3008921044518638,0.41470607933428905,0.46124542780446326,0.3250313473874081,0.39758658060677815,0.39033625674368755,0.4085445429829091,0.23344228369805878,0.43240051617558395,0.2757905554296207,0.31057381770864745,0.37077615349943277,0.46331279284305765,0.30136283828197546,0.254829260742345,0.2460720499305203,0.4903146663166163,0.3484143033223021,0.4492778519737866,0.28177551134561657,0.41290443649634884,0.32457269067962113,0.4456871904786916,0.17249014098244236,0.36425372674646894,0.3705021062286455,0.5884492413804955,0.6174892494581873,0.3721667751737971,1.0,0.6540509636374908,0.044986737519835535,0.3995118761991465,0.2809302087856926,0.28565635730996886,0.2722519087306877,0.3768550789455687,0.46692676952338996,0.5175926229376903,0.1780081866222605,0.46642173862112046,0.28698431421921833,0.5623924755639187,0.267373837024346,0.2687309985913312,0.2935893860870688,0.32589690241812713,0.2289476848393685,0.28970203741040845,0.48188803255585605,0.19651808744171814,0.31610023566974293,0.20623265119775858,0.17757989357498505,0.4853549410975478,0.4180261238614258,0.15287476616867213,-0.1268983767826628,-0.15131716166399348,-0.09572913413993003,-0.12380582640796639,-0.12014689476171994,-0.08105929131251317,-0.10851831066065475,-0.11299176113370935,-0.1484826897597799,-0.19197277009241404,-0.14610061782651382,-0.2030599664730825,-0.20685963966984922,-0.13414415397774235,-0.11231093794792338,-0.1061738747782325,-0.047531576423358875,-0.031921550166150274,-0.035898158745280774,-0.027420243546030953,-0.011541952345887618,0.0029815523089131886,-0.024766091624519707,-0.039694749731627246,-0.014948182557177767,-0.06661439003818823,-0.04219443423856596,-0.06517456934880911,-0.06244516035534163,-0.04698414845451188,-0.09386610403521947,-0.05632800725097241,-0.07787695210331409,0.033037906741181546,0.09613988999965847,-0.08923779926058874,-0.022500038211112586,-0.011392003990470696,-0.06271464100721283,-0.0076084810233559,0.0167586659085275,-0.020978060982757302,-0.058442347799003785,0.008537714205105264,-0.039061196399779424,-0.07511023174893759,-0.01571020427563521,-0.04436452701607446
7Networks_RH_SomMot_14,0.5671586472005062,0.43384061478765606,0.5316687811902575,0.5698785977615592,0.45427411617303953,0.35582312455413373,0.5782776948121318,0.44906859440659275,0.4568819332165879,0.5437484034839879,0.42954301204598433,0.4811825731598855,0.21439499727808972,0.3461296178735576,0.3300707321929628,0.36389090714447214,0.4516480901424149,0.5293583804398778,0.2974672371703202,0.22210608411378063,0.29913752187421455,0.4477044349421577,0.34840453084513234,0.4543371919017604,0.30654257035774846,0.48028721898750193,0.3899891297807966,0.46709922216544425,0.19369906365330722,0.4476532426832088,0.35414272908156796,0.4837856104805951,0.5908241758188058,0.4704218950601542,0.6540509636374908,1.0,0.1901377932819999,0.5933121919149881,0.49337055391869283,0.3575984821983907,0.33587045915652985,0.4270143724516193,0.6032796265721242,0.6073078358683087,0.19084228107020515,0.4896009625274885,0.357899973196309,0.6522316438307824,0.36366872070082773,0.3500166347586989,0.3258824419853492,0.39429753274486057,0.26923315319111857,0.382818535598371,0.6119365000197402,0.3412055797328916,0.42352558047995786,0.2495719958432553,0.2258453631637858,0.5658806739934806,0.4890656877300909,0.20813052525663392,-0.1491288200007376,-0.18895908138955023,-0.1190067244538336,-0.1602763558652112,-0.2005321147233955,-0.16525027348724353,-0.13918597902626226,-0.15284911409691096,-0.11786493804934539,-0.2254030285862751,-0.15501384877267071,-0.21951011477908527,-0.24397976493891618,-0.18478750184778642,-0.12855187475688448,-0.16026526232292101,-0.08421693435671633,-0.03892585571523207,-0.024936688737173588,-0.07413793493300977,-0.06723312226923386,-0.06919094559426771,-0.1215804859057783,-0.04999141009243031,-0.13907135713819146,-0.1254402051273569,-0.10216833577426082,-0.04376764713468795,-0.07032149360106243,-0.06775820910934004,-0.1678465445832397,-0.11260819146472477,-0.07282957253477218,0.049412980572949135,0.08958427411909958,-0.09281267133380816,0.008468154244433342,-0.006585427630990232,-0.05037897161624466,-0.0006614796505623288,0.0035335427768174656,-0.02500519077681135,-0.08376710996230051,0.008128732239266126,-0.02338002869587361,-0.08317498092569728,-0.06081007259883201,-0.09499239360497164
7Networks_RH_SomMot_15,0.11535746915158357,0.12808692033578298,0.12929328330940598,0.042922767977344393,0.011573153838629125,-0.1708491363119186,0.05179991667658684,0.12769944474586956,0.11994465743409778,0.07677644075296049,0.020974422270618256,0.17573427205280986,0.043791993713326066,0.14076554501725208,0.08120948912125707,0.07648180564475757,0.07203356820270099,0.09425879231870436,0.04593936443908385,0.14418583212053135,0.14474161609629665,0.12738904416583222,0.1270143446153309,0.02119414140830485,0.121413672052427,0.16421914941377108,0.04758087597934241,0.06574944928122606,0.0539285916054435,0.1869486637203156,0.003927684206923566,-0.014253269487889013,0.17413148882058327,0.3905715807068544,0.044986737519835535,0.1901377932819999,1.0,0.29771910361847603,0.22103088532346846,0.13537182950385843,0.1175354085039042,0.17243221138242495,0.16111087547750041,0.13540891867352747,0.032738858915798544,0.043034363781721534,0.0071210090914764265,0.06238253392086913,0.09261853870140113,0.1620386541187564,-0.06272795794773048,0.07703887376429659,0.070203838847516,0.05310703419486277,0.07411703939501028,0.12413537476490359,0.08798125125905593,0.1394230376779647,0.11655204865812847,0.16705926389408698,0.11073854896423771,0.08307637354552339,-0.029324474961026796,-0.08799626424415911,-0.07605274163601534,-0.13387057112969952,-0.0999623658409616,-0.10453247323854402,-0.10325678684206971,-0.09975332969429579,-0.05911668081141217,-0.05927559210854877,-0.02592051125188659,-0.15176446318601422,-0.11363140201170685,-0.10688258147102736,-0.12036847566272631,-0.05371406316580884,-0.0589141486695621,-0.0585437788163901,-0.08166036662409919,0.010386310413670484,0.019059495518956936,0.043828312961092894,-0.0635319581127249,0.001290151894372571,-0.1427658668187964,-0.10819918490247446,-0.13176190998493703,-0.048994588619923105,-0.033944303106500345,-0.04917119919020319,-0.16317397504266576,-0.09759453292001974,-0.13153705417105988,-0.1139461589050401,-0.11551973546206251,-0.14906597248303538,-0.09768230145095023,-0.09233343480234932,-0.18921919894195668,-0.10478813927423147,0.08270142480748488,0.015119212280391774,0.058498327607727114,-0.15032215503701923,-0.13803301501070953,-0.12753548064844186,-0.01277767056647637,-0.03778050347458969
7Networks_RH_SomMot_16,0.3961764008429734,0.3128860248477608,0.30451156746394287,0.5210751246196261,0.35136514818303133,0.3952431789519939,0.7227805948175159,0.6114625176836066,0.5346964767131633,0.7064942894519264,0.39350141773383684,0.3464413547535192,0.10573318935006666,0.3696549540054709,0.28477657210640794,0.26465348678457534,0.35148436949261136,0.4568119421811822,0.24998726966125848,0.25391037222339,0.2850860560575773,0.4166599850247366,0.3228249849074705,0.4310312844654492,0.30578889860625474,0.42726824742302794,0.30902103644838935,0.4494021814690934,0.29161499289057996,0.3854651034592509,0.2849280071629292,0.27179691011428014,0.3534245001066495,0.29553595808829797,0.3995118761991465,0.5933121919149881,0.29771910361847603,1.0,0.678440025282988,0.5857757665631885,0.47965641148265936,0.3434239523291825,0.6488324612566864,0.5696407835844922,0.11874550104668462,0.3663315918845835,0.25494305581936494,0.5283677799869432,0.2695612650575425,0.3651426190412764,0.14697515507807488,0.32266362369328017,0.23027876158975374,0.30169727808422697,0.48490792131902033,0.258262106549576,0.32381128501684814,0.2848234029309317,0.3082054876625261,0.4861214732114311,0.36632912465194345,0.19542945953423715,-0.11672624672396154,-0.15114464909654726,-0.0657229914604233,-0.14013153309605345,-0.1522094189182941,-0.09630055244950088,-0.0947765300050114,-0.10046146139154498,-0.16667180829668599,-0.3013221620683138,-0.2502331150244393,-0.2525624144930874,-0.27937864245078314,-0.23156652187186208,-0.18518087828196758,-0.2683429245771697,-0.13442588110090337,-0.06628181787979401,-0.08798434719776922,-0.08412337542087195,-0.06680757336869388,-0.0592641742218797,-0.184504311183101,-0.10270948002238788,-0.1426886380466099,-0.14401660147061254,-0.08949135500928627,-0.04892387578241788,-0.09753867601118327,-0.07204870106576455,-0.1431573594559021,-0.1113555967994289,-0.038045652863680765,-0.027748077246595917,0.04661467843431497,-0.15323023900259788,-0.12460921334790986,-0.08922746536455144,-0.07700295991561028,0.0027519447538313113,-0.03876470608030873,0.009046598649268293,-0.05187979722774096,0.04098448445268492,0.0370983286545545,-0.018702407658026766,-0.02202632753891619,-0.05018557156864344
7Networks_RH_SomMot_17,0.2866355388730709,0.25530547950738586,0.23838250964562407,0.4711663170671915,0.30077259292620745,0.41632719382102323,0.5603601478304047,0.5658109291735056,0.4195128151866331,0.5876306737054896,0.26712865316690276,0.2636464716416037,0.11874499732046813,0.3231647197351424,0.2505568788040514,0.27763097227617944,0.28006072096901446,0.3579372674005481,0.25244330760003425,0.24167675218861395,0.24861882733546692,0.37507845336379514,0.2986184986618656,0.3952918083432076,0.270169889784189,0.35957087160749385,0.2652237754986422,0.3923637939675472,0.27250111388689635,0.2954425660482437,0.19989264687005387,0.16551945396683632,0.24719222718902178,0.19666462604541046,0.2809302087856926,0.49337055391869283,0.22103088532346846,0.678440025282988,1.0,0.431622391277761,0.4284429482520022,0.330162875387321,0.504113016872146,0.42755175710126253,0.18188650937540463,0.257780959211278,0.26367610201224473,0.46698323954868065,0.22565109208919876,0.3877124944818163,0.16100134284672224,0.28181222850724724,0.24507711725104916,0.2893975463298504,0.3933156579786874,0.2545843168111902,0.2302119237183348,0.21892038674568667,0.26610142486579846,0.4213437416029455,0.3254460450325223,0.21138455977477372,-0.05050969496531169,-0.09897411125179445,-0.03600378511937159,-0.09583589524539445,-0.10617701870217319,-0.05715838664674139,-0.06579682056094768,-0.0614527325064657,-0.13126431240879052,-0.25015278577409744,-0.19309587456214697,-0.2545234906592784,-0.27586085854566733,-0.23240310168670011,-0.17848120213774404,-0.22994288023554765,-0.21066186560816538,-0.14498355477386987,-0.15464821411910173,-0.06990960680660423,-0.12106598777860055,-0.11081068007216872,-0.23956570007182715,-0.15109203267256083,-0.06574737608200555,-0.060367824179360395,-0.03703005588019225,-0.007075915954068624,-0.0603634492260081,-0.08390638966762215,-0.13014592540625286,-0.07572208244708616,-0.022729317275946622,0.0009185551188456641,0.028661835453637267,-0.08447973058747056,-0.04465986643823692,-0.052911426940271226,-0.019373517726939217,0.016705290401819433,0.01465658480550297,0.05571397386042581,0.01853265261914743,0.07986359540686339,0.0724504583586737,0.04227318712099139,0.008737075079413952,-0.012560918544247405
7Networks_RH_SomMot_18,0.2690803438187135,0.2394204498212097,0.22432130905511552,0.35566147169025875,0.3973880278967692,0.3056402347751025,0.45498838342889747,0.4366109489922211,0.5092866647252071,0.4988473164290029,0.36979512085576716,0.3816588794600919,0.22728348877210575,0.3125548047966129,0.19105590817266802,0.2148413294616101,0.2972668110578037,0.39199170991425847,0.2075202051027385,0.08745719854421449,0.18755480278837322,0.31022254637684377,0.3337651446242444,0.3466954099405149,0.09778876078086006,0.23908522171268246,0.3374141510306207,0.3338982085343061,0.21890610393266827,0.29725846978051546,0.2226823606751524,0.14597599535025788,0.21508685318359846,0.14645400320376964,0.28565635730996886,0.3575984821983907,0.13537182950385843,0.5857757665631885,0.431622391277761,1.0,0.48816329156257793,0.3502366097939453,0.5325645295301705,0.4903933575947171,0.0658963802036907,0.35536553259060344,0.22039567824735773,0.38755859138919074,0.2806238535756999,0.33022209096794836,0.08680641513143776,0.2572307941319122,0.299060355576054,0.2732390041547063,0.3742992671752335,0.29544640647952447,0.2726501834384268,0.298676620649011,0.09283778819020296,0.39136269315900124,0.33751602223710736,0.2505721016126755,-0.08603577528208393,-0.10136984337792912,-0.03568109369038356,-0.07223642895122707,-0.0810031919309348,-0.03254230247832723,-0.0408995498648377,-0.05010859657862688,-0.015289234837746687,-0.11136851112696257,-0.08246837148165041,-0.07038830087395784,-0.1015497835049242,-0.06177174361481897,0.00827014766720286,-0.07512360988052728,-0.09117403910837747,-0.013627698323486164,-0.005483027837085621,-0.02404454326085211,-0.004188667287353655,-0.021122949861151315,-0.09739372806048487,-0.02603647372625589,-0.09130886371191303,-0.08994061975093763,0.00033185404914341094,0.02448096510543792,-0.008368948367062343,0.03845632612458968,-0.030208047405143962,0.008950171966485357,-0.03764663207096047,-0.007716274056381332,0.061126337669216865,-0.13120326331240711,-0.08346889527839975,-0.07052281297241818,-0.06459056041305147,-0.03637520183252153,0.008942667299612544,0.06128000683083233,0.02499621253091726,-0.05786397228952763,0.016420671490318707,-0.03744508839148224,-0.04035662615381748,-0.02387896040721382
7Networks_RH_SomMot_19,0.2444659309458207,0.21876971316757637,0.19545014494928645,0.3685835507458748,0.31822374204033604,0.24749629075003005,0.4013193531978222,0.420922514043462,0.41000374796189937,0.4332542180114883,0.2036370558608215,0.2521843562783087,0.29651553903467437,0.35045861873873996,0.1748750313332223,0.24141221448455266,0.21694690431955316,0.35322970025609013,0.1671927243338198,0.15985157181549203,0.1010496893924505,0.3230968108953674,0.2509844605533415,0.24247812165237725,0.07830221196137013,0.26281963633346717,0.16385704150347744,0.30165312730488536,0.16167691918091284,0.09911617879608638,0.11392633342664502,0.12268955728654428,0.22582459164518193,0.0421130508645627,0.2722519087306877,0.33587045915652985,0.1175354085039042,0.47965641148265936,0.4284429482520022,0.48816329156257793,1.0,0.22195392663791058,0.5659119527778482,0.44509952375923284,0.23607410878825008,0.3257520556933725,0.2652672776671154,0.4630731028209152,0.35742542145111167,0.3547166862061406,0.20588650571985437,0.23897641430298727,0.2053111778816836,0.17013178837430618,0.3031750486610078,0.12838104625854424,0.24021595631851284,0.21550274216689186,0.18798107640192457,0.36785050656605345,0.3208252518930606,0.21957806993975046,-0.1472270820974509,-0.14079396695106414,-0.09498433909357336,-0.09784502400312312,-0.08424940351910976,-0.02569911691596534,-0.12836154785839565,-0.09558564489424555,-0.07029822648357212,-0.12335325779992241,-0.06275497956818468,-0.09975865169616933,-0.10444967892372099,-0.09301931686003748,-0.06764711780644128,-0.0925168100574679,-0.0988568562970232,-0.01970307648038489,-0.02661476289831993,-0.07472400304586722,-0.04932753445911357,-0.050392735116433926,-0.0809451016019101,-0.036302288856707395,-0.002685047823251692,-0.026890464987168076,0.021814397382585452,-0.05343744180526198,-0.0316532016843142,-0.018073143274537632,-0.0066818380619659955,-0.005345360658281755,0.05111358331393955,0.05361082977860331,0.08920058692555255,-0.01653756642518964,0.013045612814232752,0.030076550394462425,0.07426184196586183,0.06128801186156439,0.04331271369111485,0.17236787763718514,0.0874153302529802,0.0024717952159767926,0.13872843281930722,0.05842355868827652,0.06867427599038371,0.1292490980611659
7Networks_RH_SomMot_20,0.322433554518461,0.33601882664542243,0.44797934231941844,0.2765047987738507,0.3658530433329426,0.12312034018030828,0.2439904843640534,0.3208515588362852,0.46422052355137744,0.287740293279747,0.49247229615857424,0.5571617853222619,0.2719720354679896,0.3216020389765726,0.297440105862523,0.3647805988939543,0.4311400513512489,0.47242597283458815,0.3280023227561494,0.24510355317216076,0.34913058106298245,0.46614215760640715,0.44248065293520866,0.33320569358249,0.2422615733031524,0.36032237395628397,0.3247258699171036,0.39188102222075033,0.19849857892993236,0.3343080971201879,0.1736371424450581,0.27109602260247,0.3652855683635318,0.3553130652980427,0.3768550789455687,0.4270143724516193,0.17243221138242495,0.3434239523291825,0.330162875387321,0.3502366097939453,0.22195392663791058,1.0,0.39748694350770725,0.5425252537675497,0.14285348556686364,0.5353818690877951,0.29431249423084255,0.47250597322467347,0.31015305217716493,0.3236370858907518,0.266965515396062,0.37936642291491735,0.2296783416983733,0.3064583239626414,0.4688034648803799,0.2993731757142597,0.2602575361421504,0.2669716127654424,0.10999796061095618,0.5187343259741114,0.40554907302240256,0.1659653419660731,-0.03610671298570128,-0.07633191947414916,-0.05429609028650675,-0.1283545541760063,-0.09980756133951119,-0.0895484667135855,-0.08394851379312224,-0.07698074800334768,0.022891864382760405,-0.09896066403410067,-0.10134426541952687,-0.1342363218505481,-0.1657569024286864,-0.17259960967096843,-0.06537357869730147,-0.15970687508973222,-0.07618516145521552,-0.02971253201596493,-0.060480863316725114,0.04455803459854761,0.06508795359060525,0.0700020522562188,-0.04816507276747188,0.028319996078170484,-0.12696059925709496,-0.11134390664172625,-0.05297375855291012,-0.0690828516676563,-0.07837610846655188,-0.06119431075219429,-0.1411683109525073,-0.07418155242220102,-0.09021262197406654,-0.03177716865573965,0.014594082365442932,-0.14542364272274683,-0.04724697773844692,-0.07207531229719298,-0.043110772673782626,-0.04306564475225966,-0.025857833858770794,-0.06415146133395899,-0.04906115934244994,-0.0782647879716794,-0.09174989289354855,-0.07757349119826114,-0.099048840436621,-0.10251649397998623
7Networks_RH_SomMot_21,0.43308736663916797,0.32042138489540156,0.35429271187102507,0.47576308062445,0.4218223166910849,0.37336480152066825,0.6055714182242011,0.4800151802325362,0.5468054053881377,0.6452098875986387,0.4084418743968483,0.4620831992155284,0.29128129246088397,0.37257752236515573,0.3449981309241992,0.3111301450608589,0.4076655147552633,0.47368334461147227,0.3587132040273719,0.17217098561361022,0.3065241747144622,0.4347713544198404,0.29273224453812074,0.4098721884654551,0.20055120307462396,0.4022027158993165,0.3361035817809542,0.41481390066025026,0.19879154933859805,0.29176956448701424,0.3476736034025047,0.33421533305143236,0.41167166418623324,0.25616930444368713,0.46692676952338996,0.6032796265721242,0.16111087547750041,0.6488324612566864,0.504113016872146,0.5325645295301705,0.5659119527778482,0.39748694350770725,1.0,0.6947685612925126,0.2854037304780951,0.45314844610935917,0.4624275336555229,0.6674727976081637,0.4345117665585566,0.354654008211865,0.30900172545103766,0.29137713010718874,0.3044450837518008,0.28462590812287314,0.5670732687743051,0.31273635169564823,0.33152701527791134,0.19813389929268624,0.18024459941196297,0.4770501494795077,0.4718250530579109,0.19816671720119539,-0.07956873141554174,-0.08387255168095545,-0.017946973952878392,-0.08965732306649478,-0.08411529709698568,-0.04615019848644522,-0.06072107695326346,-0.052603970059509376,-0.03398368334169899,-0.12073287645613737,-0.07097008255692072,-0.09910000790878534,-0.12290334965264295,-0.11947162343559302,-0.03223149016128807,-0.11936715085339399,-0.10472146012633878,-0.003979262164191223,-0.046092879709640294,-0.08260776534865226,-0.04122912042092554,-0.04538783271922712,-0.13861837497750576,-0.05814844818380424,-0.028171571568522423,-0.040233927348004905,-0.0028673662892061327,0.014284166994529961,-0.0029767053211663124,0.020590971716877085,-0.02405374687605947,-0.010188745569079491,-0.04883219197477389,0.06638525796931022,0.13475381981295742,-0.09068851578140341,-0.010355450926861565,0.030287284988787612,-0.00365975609844812,0.04349167218090222,-0.07061527910366999,-0.006625971681619587,-0.08741509773812246,0.025047878099086984,0.022133648872010213,-0.06297000243452482,-0.04837125201056129,-0.07876527025228983
7Networks_RH_SomMot_22,0.44892339190808456,0.4276133031430097,0.44987500097567806,0.4306618010224189,0.4430010621451284,0.27143054950025514,0.4951027288474164,0.46169693593596456,0.6376447248416706,0.5519344168387144,0.4565553611068862,0.6375727210249816,0.25022330618174193,0.3148289178036346,0.3070172913735632,0.32937700282856036,0.45029701104551473,0.5477786911843194,0.33518267393084156,0.2287196143699164,0.32830521909179605,0.4714477753231908,0.4114929112269709,0.4095705440568524,0.1989534668264086,0.3847563517094892,0.37416507425456097,0.4945751162346253,0.18872278593288458,0.3247909476788312,0.32803336246760867,0.37701499976635333,0.48215744893585033,0.3520626528797392,0.5175926229376903,0.6073078358683087,0.13540891867352747,0.5696407835844922,0.42755175710126253,0.4903933575947171,0.44509952375923284,0.5425252537675497,0.6947685612925126,1.0,0.21900319239960678,0.5324793959974844,0.44638214655164643,0.6613264587132494,0.47206843445395874,0.38422225349703926,0.2891901645027232,0.33270922090709365,0.2904233067935382,0.26951098947330604,0.5950628186126901,0.3076545408436026,0.37870565916300514,0.27107210293553846,0.14179265774516214,0.5342592581070421,0.47921039720245806,0.19120736570278563,0.009355998477095053,-0.04906086125393353,0.015728752592165003,-0.05434836508173263,-0.05563822712311807,-0.028086674242752664,0.007530344687946985,-0.015294569671430254,-0.0199192863874861,-0.10611300771389859,-0.05526206059830685,-0.10442860304291479,-0.11448441248325945,-0.08023615330436765,-0.008580869342411049,-0.058693179990481216,-0.10561532108733165,0.01746657284892736,-0.021289627764383572,-0.10327019869690121,-0.02520054838493005,-0.02592667861243757,-0.11337421740770234,-0.03912918222404828,-0.07446153767134528,-0.040496614686138833,0.015199609885715183,-0.02787595722146064,-0.021724321694487996,0.023455455062080386,-0.04457496493660066,0.006618479069591163,-0.06036353594713136,0.022759966785424603,0.06021022097050489,-0.10226587173460014,0.004341645381745999,-0.002449048171859163,-0.018402256536079926,0.00931443189049081,-0.14309836751426172,-0.07669466348553867,-0.11651893238673612,-0.06162019540763116,-0.05271067786543648,-0.09771312801147576,-0.15748361782508713,-0.13776808382680142
7Networks_RH_SomMot_23,0.1655218228443776,0.12084381298238166,0.08338627352020714,0.03522739158788735,0.2004783779336196,0.11494112670503796,0.14888308678709497,0.14667897539458363,0.12485307907457743,0.20473789439534115,0.02761597849649921,0.11676240095557788,0.12120654505418336,0.06277529139948052,0.3190603462860149,0.15379343757326894,0.1365271425185565,0.1536046774320582,0.5774171814047085,0.17643097806379748,0.3199257567910044,0.2806082824387304,0.19730662399269236,0.18909877276814763,0.019226279209668167,0.13622840593202007,0.1828543754380878,0.13414766451863058,0.0797756537823967,0.03724115317112082,0.11605016007259153,0.1373863923364402,0.07281530759642135,0.06098211504986138,0.1780081866222605,0.19084228107020515,0.032738858915798544,0.11874550104668462,0.18188650937540463,0.0658963802036907,0.23607410878825008,0.14285348556686364,0.2854037304780951,0.21900319239960678,1.0,0.18840553004562516,0.4131616412321092,0.4248586018988162,0.29568725283770897,0.2592941953370238,0.4200804827641713,0.12126674784742597,0.3031720941670732,0.08449406404009747,0.28900739724086627,0.1506840263259162,0.0965531271621563,0.06696848234420373,0.044751690732756595,0.17392388837637304,0.24892563484982597,0.16713637322049327,0.0827253880781505,0.06903107479905436,0.10187836620129719,0.05454823316299417,0.05716944375891147,0.08043626283782887,0.06732434768424142,0.06580260814301198,-0.08672805729994501,-0.01996999046731232,-0.04558858117081619,0.03924652236126136,0.06550444290700459,0.04980374075195101,-0.05046470598987171,-0.023782798318970465,-0.1216801482434466,-0.06175102685295003,-0.058642445656403704,-0.002665484715708164,-0.029686857293674256,-0.03293287726016992,-0.07511156235516389,-0.040293399282698636,-0.11701053603345761,-0.13022737448192662,-0.12147740788123862,-0.011035478283267695,-0.06608106835695501,-0.05201201732346803,-0.09949164944686738,-0.07969311479991026,0.0058807774641642455,0.052772517017355546,0.015117930903976715,0.11798430553107127,0.14703424857734204,0.15921474560402785,0.17198137637830782,0.1496666091758573,-0.047828895479709276,0.007489603136060535,-0.03291712561836484,0.02721507455349361,0.035128096094514845,-0.01938859280559058,-0.09227852609188517,-0.05699026420506371
7Networks_RH_SomMot_24,0.38990464615674014,0.45152320928638123,0.4409335927180707,0.3014738722266701,0.3677116762632074,0.17842409826988648,0.32374051039304513,0.34681361450963694,0.5336571438747387,0.31793062020064056,0.5731253446213492,0.49963089781680925,0.27415315806733065,0.39462706236054557,0.3076839191969111,0.4598376817655863,0.5360920896074918,0.5744378626435679,0.3114176308892277,0.23377744878370812,0.28023005099749454,0.47215473430907884,0.49279812564007397,0.38742514118524124,0.16234542274586072,0.3798285579816059,0.37016147606833744,0.4077989712290201,0.1601546965237065,0.3047327929729417,0.2479631640007441,0.43140445860608595,0.4189400207738668,0.35359742591717,0.46642173862112046,0.4896009625274885,0.043034363781721534,0.3663315918845835,0.257780959211278,0.35536553259060344,0.3257520556933725,0.5353818690877951,0.45314844610935917,0.5324793959974844,0.18840553004562516,1.0,0.3035829058954917,0.48774736457406864,0.3660508771062499,0.3527825148921435,0.3184338150713438,0.5301722899479471,0.31998551825662697,0.3124196926523138,0.4893807958119084,0.2793179643134134,0.32752584861195316,0.3682290841995625,0.09517320786839775,0.5292834572741287,0.4141379746397814,0.2202661858332838,-0.007148265699399188,-0.06353232489595854,-0.008103674965558872,-0.04006028196132079,-0.06618698078385905,-0.047024417025095064,-0.028130602316056665,-0.0312489002534136,0.01564521895619425,-0.09273148321499501,-0.08563766855499888,-0.054692878370022395,-0.09655462619332304,-0.09151262392626648,-0.001202472478409316,-0.1121633023020085,0.005262833230982119,0.04154799173229034,0.021701819571635764,-0.002877294680103124,0.025807055393298525,-0.005397424827849309,-0.011300540077984356,0.043803938829511446,-0.03823218317609402,-0.0012242255370013928,0.062257755810550965,-0.028345336037732653,-0.013985684352007505,0.006286928647098582,-0.006944250504375789,0.016909276747127354,-0.0016970289341925082,0.08798738032352539,0.1243214604683874,-0.09818532120399359,0.054393356958138156,0.03695386876549629,0.0430533707391752,0.04549804312103106,0.01823185659768415,-0.019764417582361124,-0.03282032531624533,-0.055315973410110346,-0.03384698295801476,-0.022594962327896626,-0.029401078353476558,-0.0263907808249504
7Networks_RH_SomMot_25,0.3004937745531511,0.19909738629455503,0.21043396863002636,0.21744554127503657,0.2095853566976918,0.18316496317419778,0.3107222655640968,0.2293002335315163,0.23009655238052612,0.3132542650509865,0.23862648684407764,0.32413357888338834,0.26495117912232596,0.23784713200109475,0.32969930362838995,0.25853908200824977,0.2892788758066962,0.20764200250702664,0.3888334167260255,0.03770720556773101,0.3689078391064505,0.27275880505228495,0.27035176050095805,0.23556318660053058,0.09869080527269805,0.22633445817599582,0.26935504681871825,0.3665564831707443,0.2275238239936007,0.2561792291102698,0.21721221994654444,0.2431377916073627,0.21719780723753393,0.21306104324777275,0.28698431421921833,0.357899973196309,0.0071210090914764265,0.25494305581936494,0.26367610201224473,0.22039567824735773,0.2652672776671154,0.29431249423084255,0.4624275336555229,0.44638214655164643,0.4131616412321092,0.3035829058954917,1.0,0.6614619302184287,0.3583341124392127,0.37252782323023326,0.5431750115786337,0.1741973855508241,0.3502433957420567,0.1751442431698949,0.5143988020073301,0.29568267631396505,0.09068819215725611,0.10570066504169157,0.08312852503582917,0.26248637678103176,0.3608652166560709,0.1959624504026063,0.035539310536765574,0.05346106284202091,0.11830579732683394,-0.000133663510048001,0.010010043855643426,0.04521791640036875,0.06435169643727995,0.09286241765740223,-0.0029822147765884216,0.016351381848524985,-0.00276189467523013,0.07727887481806689,0.06221347834852548,0.04139058133816971,0.03785125206722616,-0.005338947970460399,-0.1406119634779746,-0.03589145103752386,-0.053734775802820274,-0.15753054396401311,-0.1143978691014282,-0.11522476108324153,-0.12095846948085182,-0.12388109360510378,-0.023565114602438483,-0.037278074565276494,-0.006094963792493657,-0.02843733326322759,-0.021268386292307713,-0.02178739014467024,-0.06348898913661227,-0.018754930043497892,0.00999753245593125,0.09963314391848886,0.1337514535493373,0.10041805923319433,0.10356280340342408,0.15496940494647887,0.1783675631605025,0.16357078997644217,-0.04522209777458881,0.03551774652631038,0.005995359648201588,-0.034783774976741025,0.0010273983960664467,-0.06181877190996105,-0.028947008140956673,-0.08060113558039601
7Networks_RH_SomMot_26,0.48813844194457057,0.38571883483127267,0.4567536127418541,0.4819632123984092,0.41830132674312864,0.33878699148237773,0.5271946858351628,0.5160963207160721,0.4384057838279299,0.5680866251884543,0.3902657228833903,0.5004491883100357,0.34746883431930664,0.4172231967572298,0.43117994993197595,0.3892913707293458,0.4443796671876514,0.49562168841813675,0.5184939376448118,0.2245099395957948,0.4209066350434069,0.539462520779441,0.4577769513031874,0.492092964097491,0.2943863533088481,0.496309945633419,0.3834087271056094,0.5538026118042634,0.27632198943321734,0.36649417037187954,0.30551783212493283,0.4195321126258554,0.44773852640139616,0.2985558072327912,0.5623924755639187,0.6522316438307824,0.06238253392086913,0.5283677799869432,0.46698323954868065,0.38755859138919074,0.4630731028209152,0.47250597322467347,0.6674727976081637,0.6613264587132494,0.4248586018988162,0.48774736457406864,0.6614619302184287,1.0,0.4835639306694836,0.5014808187831267,0.6031151924764371,0.32822114147907,0.401109150419483,0.3311529279111998,0.6778821232377277,0.2968084407450832,0.36524523975803397,0.24533719589115818,0.288051731771297,0.5481376053806409,0.5508407474647954,0.23055812531369166,-0.07512386412938936,-0.09155859201664952,-0.026073095744925997,-0.06719401753488859,-0.07745850777266199,-0.03441045941553375,-0.03659155799151813,-0.03415875743029194,-0.05424515505407007,-0.0929371335832565,-0.05658914764881586,-0.0363993024948695,-0.05318022925709205,-0.024685419984872878,-0.017761981626386293,-0.049309335182143844,-0.1328693796669651,-0.056198898024951975,-0.05957605204489215,-0.10376097945955005,-0.08335795836679039,-0.07596359979098186,-0.11573368181394172,-0.10237477496360513,-0.06822428262512838,-0.10739309357759788,-0.07484974814881573,-0.07782482039559104,-0.10259767171150949,-0.09943921390499255,-0.136402588529731,-0.11826546544954765,0.004180196011291898,0.08499053602342128,0.14896147690509506,-0.010695859206415009,0.02985778578544784,0.06264985767665615,0.09704318272146162,0.13341326921480556,-0.056639049873117964,0.007278966375118236,-0.060810220899939926,0.018805913425320515,0.030364573886921722,-0.032493640863989155,-0.06298768531059747,-0.0722802735891762
7Networks_RH_SomMot_27,0.2561412031883183,0.21138076549973556,0.23364596420723965,0.1856154906838776,0.17870548120215368,0.01338260828492893,0.21006663442058884,0.1660720715838517,0.3434021814750556,0.2541639544267618,0.2541050258372843,0.4058183438364011,0.25169079338158923,0.18230908859448852,0.25201480651246216,0.2418854960372169,0.24106511929799115,0.28448179240201654,0.28203919056043936,0.2041110454387441,0.24837397137221,0.2964173852131855,0.3493567501934204,0.2424934007746786,0.12937528195050713,0.2892733471338702,0.2894446551443322,0.3973863500131673,0.1767391101575511,0.2906991204658045,0.17407591215013743,0.23827682536965503,0.2406765112353127,0.23623469477697426,0.267373837024346,0.36366872070082773,0.09261853870140113,0.2695612650575425,0.22565109208919876,0.2806238535756999,0.35742542145111167,0.31015305217716493,0.4345117665585566,0.47206843445395874,0.29568725283770897,0.3660508771062499,0.3583341124392127,0.4835639306694836,1.0,0.4549404038919723,0.3778133168869264,0.16394549125033323,0.41537195813305033,0.34602151359348166,0.40307013051725366,0.31092983228832993,0.5691908886559046,0.32215991180862596,0.201943905521187,0.3905565798652052,0.39295273389242086,0.33688125439409033,-0.0003835039211134218,-0.03619178395664998,0.0031910579338333164,-0.009759816506842536,-0.02324369164783947,-0.0004165321405893915,0.0069675716210218465,-0.004033145636708953,0.03348078308043129,0.05904481753962609,0.09148155929443864,0.043631922525530976,0.06737743944239805,0.07025967797316791,0.07745624431149437,0.10153406979172847,-0.06388685804078792,-0.02384908558911009,0.009667039595691365,-0.05157053829831941,-0.06044107030430302,-0.06006649141358318,-0.029825155406557956,-0.002912023220429687,-0.037459264962150914,-0.020779097062027525,-0.017704409245710994,-0.01876748164457329,0.008856029945647414,0.03628541603829995,-0.00576287027879843,-0.020746509897562566,0.038405377494779507,0.0633232140415314,0.07637983741609561,-0.04908864005102391,0.029774310274079466,0.04609686040497141,0.044270359254169174,0.050959242658399,-0.05465945143433042,-0.02299696608904523,0.00903612405544176,-0.08081070569298249,-0.030448990124076415,-0.018485185375746747,-0.04359195063194307,0.02814430519578652
7Networks_RH_SomMot_28,0.23636945884417604,0.4389711339290995,0.302197054198199,0.26919867207308507,0.24471060885351217,0.12194160938624451,0.21635540978123918,0.3984668389079105,0.3401291464799438,0.27500662980532853,0.3713365899634148,0.2898748327902854,0.15514838492065527,0.3683599590205386,0.27205056974256336,0.4372727984087143,0.27126077365785306,0.4148552654309605,0.3514464476268656,0.3431481853716325,0.4685482867242975,0.5348363790625756,0.5125249010863255,0.38822648022817896,0.3791509811627177,0.481244339139286,0.39262032160976557,0.6010625293439993,0.5918363566713852,0.39762248643617965,0.08054526368188801,0.1628209206450555,0.19715453099137775,0.2134036212919389,0.2687309985913312,0.3500166347586989,0.1620386541187564,0.3651426190412764,0.3877124944818163,0.33022209096794836,0.3547166862061406,0.3236370858907518,0.354654008211865,0.38422225349703926,0.2592941953370238,0.3527825148921435,0.37252782323023326,0.5014808187831267,0.4549404038919723,1.0,0.2112604386124808,0.29075249476505904,0.3113511802116878,0.44752239779666786,0.40037584209938243,0.29182867417553804,0.4234196230880252,0.5175273898882596,0.4927844923046484,0.5289794911794488,0.40301790334151716,0.46671385719900627,0.07652113602140004,0.03659055916893345,0.09564978862970676,-0.01465085001200447,0.019173254770275972,0.04378736497060375,0.08393539318667408,0.1023410519674768,-0.0969985057363549,-0.07868615147274444,-0.04144823013527181,-0.04337876512174136,-0.03718972034747821,-0.0071949560652069195,-0.02105304329118177,-0.011436629619805789,-0.11016145916805016,-0.01179338993479586,-0.03477161597113914,0.019356049218932844,0.012525067175938556,-0.015226768915063409,-0.05100408017452291,-0.009423415349070038,-0.08657046910987047,-0.07345489243492652,-0.07895220536202949,-0.10043294993165831,-0.06472823056331677,-0.08081645691998131,-0.09762759596444401,-0.10849678401014722,0.0006900065210627456,-0.056694204293505995,-0.000846809670571221,-0.028274691902205315,-0.07451041539030967,-0.012191039768768216,0.039149479684048194,0.01910671255076386,-0.10446311415925447,-0.03563022024826369,-0.0064760379661338244,-0.07833550743187118,-0.04243704773779535,-0.04461305269116134,-0.10820920089480185,-0.05540311814956316
7Networks_RH_SomMot_29,0.2615724746409413,0.14129901721767668,0.2476176004946307,0.21887414894087645,0.1641720076208302,0.1314746762544778,0.2699721683266919,0.2593918121325398,0.1558397037681671,0.25090234024126257,0.1776149964919361,0.26949592289497737,0.28839447555649916,0.2448665764273154,0.32196206611083167,0.2654414816356229,0.28337359132845125,0.24375394171960973,0.30771253674666893,0.1256034416745244,0.16035255043112417,0.24944804694424194,0.25083149779270264,0.29916950210499843,0.04290114706554041,0.24325429459548797,0.179131234000611,0.28635793153455336,-0.00414055174311981,0.2070247978669359,0.19973060750252275,0.26692645793768827,0.2185443182795462,0.1642055105973905,0.2935893860870688,0.3258824419853492,-0.06272795794773048,0.14697515507807488,0.16100134284672224,0.08680641513143776,0.20588650571985437,0.266965515396062,0.30900172545103766,0.2891901645027232,0.4200804827641713,0.3184338150713438,0.5431750115786337,0.6031151924764371,0.3778133168869264,0.2112604386124808,1.0,0.2207341688424271,0.32537545731648526,0.19845350440691353,0.47482307438359694,0.215388027273958,0.19438429709989793,0.04746089837609275,0.1316901867005638,0.2685766874948629,0.26703408644860865,0.13811947085721132,-0.044598706909967124,-0.03930334128177269,-0.009159797358391845,0.0090160106903858,-0.02764753315908952,-0.0017969453784509703,-0.02108725208504187,-0.014243598144894004,-0.04452580186540599,-0.05810070381846876,-0.06402524186347443,0.00303979980490855,-0.04423952298521684,-0.04617061821131089,-0.027185859091732673,-0.08691846393911769,-0.09189397152843026,-0.0073882418893253254,-0.018954315846016465,-0.08563941375353305,-0.07344048417146987,-0.08318193460162326,-0.02620884530783515,-0.06250055980605078,-0.0031850997502089313,-0.04892970200812074,-0.02772397729738589,-0.022219102870044926,-0.04342202582250815,-0.061731772349580584,-0.06770501805479465,-0.06022359987587783,0.04633736627504617,0.15109673848126384,0.14208400657568976,0.11004850346972724,0.15208818188045528,0.17278536743495443,0.1393674959032488,0.1676158380316049,0.01967604647539514,0.04072529912149116,-0.007403911795545528,0.046957212900073174,0.07109774823062112,0.04196241372576922,0.028725106007555807,0.03204750217816771
7Networks_RH_SomMot_30,0.2484520711184413,0.44091731351610763,0.32738016919453206,0.31263464709562894,0.29495198113380944,0.13295616494820967,0.2898823474247593,0.3379637097205683,0.3446410010457789,0.28572668321762656,0.4424992956327672,0.3518397449511955,0.16864997139550653,0.3142215493195895,0.2442658649684752,0.5108366752369626,0.5852830347645377,0.5513922609864697,0.20870905542408885,0.1934080052933885,0.24552083679315514,0.3983795259528574,0.36732884835022617,0.38442965820641006,0.25376359293821843,0.43508690411443385,0.35654045938787615,0.3370212915482216,0.15448862263142046,0.3315026707532732,0.19199188087762276,0.32187825954642285,0.3129537769630808,0.27428040189094194,0.32589690241812713,0.39429753274486057,0.07703887376429659,0.32266362369328017,0.28181222850724724,0.2572307941319122,0.23897641430298727,0.37936642291491735,0.29137713010718874,0.33270922090709365,0.12126674784742597,0.5301722899479471,0.1741973855508241,0.32822114147907,0.16394549125033323,0.29075249476505904,0.2207341688424271,1.0,0.22003074598272013,0.4458344119387918,0.46083993134372836,0.31033266834154927,0.15987255370010428,0.2701287491970769,0.13417539793914846,0.5101915301366731,0.36828684779216886,0.34542927864555517,-0.05419866761922457,-0.08285983180031549,-0.05513290167119928,-0.07969240603939247,-0.0842774246715391,-0.07173883843087793,-0.06598765813345299,-0.0695767302735299,-0.05433806309015088,-0.1498001295867964,-0.113238686904235,-0.12334773490652846,-0.1727451030463337,-0.15941621934940672,-0.09270534681747948,-0.15423812755041574,-0.0641850486998271,0.0054770873609223695,-0.024598236228917356,-0.051826139097766497,0.0013736262438334972,-0.025872223003444602,-0.10178123661292512,0.012338801456408685,-0.04861968179433236,-0.01049659965534492,0.020286338623495038,0.06806385534495181,0.011414339692633167,0.003964820584342934,-0.027149510617970822,-0.01356233875447232,0.01390350037420903,0.10353019219551929,0.10916809756088432,-0.015262141103013705,0.06573684390152815,0.004155920912910137,0.061361763248584764,0.02387747580838569,-0.03128799134032176,-0.018578709167742263,-0.02360806634009183,-0.04795220091541155,-0.0159644879946569,0.00580739998830425,-0.01611107432465113,-0.013048427726102698
7Networks_RH_SomMot_31,0.2106148411177699,0.22862352831416113,0.1488967971083972,0.13137544847168506,0.1906359092507485,0.14411047352978554,0.17678263551554224,0.23466227126312827,0.2735546342193366,0.23820232119422294,0.19975381744394627,0.29747425465859934,0.20424222143907045,0.20249296400590155,0.2474135958391292,0.09233392819280582,0.2134457567189774,0.24329955936579425,0.3031717353859193,0.11771546971258363,0.18296647510668515,0.24375736331645886,0.3647458563295895,0.3914285772087191,-0.007881341664090737,0.17060462470786228,0.5458047714410403,0.31692847360024684,0.17714082046360383,0.3881244185043355,0.12411039668162108,0.20641044983710025,0.17731639288702097,0.1785730250557651,0.2289476848393685,0.26923315319111857,0.070203838847516,0.23027876158975374,0.24507711725104916,0.299060355576054,0.2053111778816836,0.2296783416983733,0.3044450837518008,0.2904233067935382,0.3031720941670732,0.31998551825662697,0.3502433957420567,0.401109150419483,0.41537195813305033,0.3113511802116878,0.32537545731648526,0.22003074598272013,1.0,0.40411486865691776,0.5436777648297445,0.5056507566537497,0.39219234563893823,0.3683902280313068,0.0991448604738972,0.2627435214296062,0.36927267473602443,0.35611461328467126,-0.021836005049519127,-0.041167494206596766,-0.007898558685516434,-0.056878801558260715,-0.039032726617305294,-0.021077755554418414,-0.03839263254482289,-0.04834814203731628,0.009318488264039552,0.04717440749997541,0.021039915600054405,0.06561385552814367,0.07507427260849063,0.050829808537549766,0.04365202440704273,0.034589718638841895,-0.13091463541047488,-0.06326330359768445,-0.045585491510403676,-0.07097904122244064,-0.07855811104096026,-0.07520397464871852,-0.09680021211585388,-0.06410521909898598,-0.004301368535800391,-0.010841394318779916,0.016366782008646576,-0.06987853926587712,-0.06638937400168027,-0.09286804395007182,-0.0896434650939635,-0.023812839974930215,0.07815765410767836,0.13409148932985682,0.10125681516771613,0.058381838197388916,0.16464996071465493,0.1699803026221281,0.12571355388369593,0.16069642039418525,0.016574836468851505,0.034883940371562214,0.015267493424161697,-0.017516791397309397,0.016927972707701796,0.002982446513059297,0.028427736053832538,-0.009241661190982848
7Networks_RH_SomMot_32,0.2718255194175491,0.3428978992697026,0.2865418923272997,0.2579099239716133,0.20212094143508785,0.11360286649555176,0.2113704616737476,0.3096563075631595,0.18967204936091478,0.2588916000851595,0.37409087215037884,0.2219243287101706,0.0706088966911452,0.27491618401228907,0.2135557626550482,0.4361917570670667,0.40184467751302877,0.3933829572180991,0.21408203249502977,0.31122405180208446,0.2841077581026475,0.386290519769669,0.3260447615089464,0.4009604005918174,0.42963821363425203,0.5417932350799429,0.5467858004426558,0.5026400292485336,0.38005232408660267,0.5875943041610852,0.10991766312074432,0.22727354172303657,0.245719960185503,0.239042719228891,0.28970203741040845,0.382818535598371,0.05310703419486277,0.30169727808422697,0.2893975463298504,0.2732390041547063,0.17013178837430618,0.3064583239626414,0.28462590812287314,0.26951098947330604,0.08449406404009747,0.3124196926523138,0.1751442431698949,0.3311529279111998,0.34602151359348166,0.44752239779666786,0.19845350440691353,0.4458344119387918,0.40411486865691776,1.0,0.5491937289830356,0.5550809053388571,0.5054831223782905,0.49687221208226146,0.46694316834508637,0.5821266715971738,0.5480467724419559,0.5531631096737543,-0.09954906694645026,-0.11376059744095805,-0.07902064609355083,-0.11488575549795274,-0.10626017622112803,-0.08281197363149564,-0.0755378631065693,-0.09969615107360841,-0.07419419274051206,-0.09035738345168082,-0.07826142106328957,-0.07289020891942556,-0.07652796793155357,-0.056009095854312956,-0.046394953804116616,-0.06601744064690535,-0.06053740924016276,0.009144971012143474,0.007899676683636826,-0.03604160787289807,0.008616480806141961,0.00010780115126939876,-0.055471732664704475,0.046663044370751756,-0.08506186305963163,-0.05329133579926196,-0.047137352514167036,-0.022334747476226477,-0.021964268949913053,-0.021717450476223654,-0.06144556813802377,-0.002573751140047878,0.07711242820735299,0.05173359575437888,0.050052182863536174,-0.040908253912858544,-0.013124117782519214,-0.02114315895212718,0.03347549368324535,-0.004875739262915664,-0.02537546776388732,0.005789947410972161,0.002556960974721919,-0.039820001625909596,-0.0056485119588509745,-0.005768178567523918,0.019541434514810913,-0.0034110696085662396
7Networks_RH_SomMot_33,0.4802617794429075,0.41586487100743336,0.4443876169693603,0.4165050366178766,0.35504863559005323,0.29895576597544965,0.5055152370074243,0.4065764339169438,0.4531895056464753,0.49232841913566194,0.42426143161207197,0.4881682065419538,0.19604981915300734,0.3187759029929127,0.3314101006078129,0.33186115221186424,0.4856179800996003,0.5319237293190608,0.4037003228382993,0.1707524111718285,0.3995642602515599,0.4338428872253181,0.45228949841592697,0.5604370687072796,0.2712397841730333,0.4673970893521195,0.5950388740397822,0.5596199165565878,0.27483744569616364,0.6027368003936945,0.32997855999115794,0.4524997862294069,0.41880299004455473,0.30478200813607875,0.48188803255585605,0.6119365000197402,0.07411703939501028,0.48490792131902033,0.3933156579786874,0.3742992671752335,0.3031750486610078,0.4688034648803799,0.5670732687743051,0.5950628186126901,0.28900739724086627,0.4893807958119084,0.5143988020073301,0.6778821232377277,0.40307013051725366,0.40037584209938243,0.47482307438359694,0.46083993134372836,0.5436777648297445,0.5491937289830356,1.0,0.654183046912153,0.4013322035152434,0.33767128942859903,0.2400411559315308,0.5573247412219108,0.5648876938468514,0.4014454273566079,-0.06855063810452873,-0.0755915645984943,-0.03074959862823493,-0.08032557120401944,-0.07208763843975186,-0.030628566658139365,-0.03575566716673254,-0.04742229419643828,-0.05095379382920208,-0.11294011977715647,-0.10195095366352698,-0.053924388307353695,-0.07385080633533264,-0.060762553770118986,-0.04693120302052544,-0.10061348146051396,-0.04144831178233338,0.06224681241192493,0.0417031479891589,-0.10647121573561022,-0.044887657944504694,-0.07313632416313234,-0.09812773070718568,-0.008621998545900608,-0.10000553890422458,-0.08878682092271128,-0.05476792900049885,-0.048680536932130404,-0.09714904254832223,-0.10346418987304554,-0.14940186300599406,-0.09844647540191337,0.05084921907625018,0.12020598410869478,0.1521373710275442,-0.017677618632624313,0.045154206394436576,0.061904334537164464,0.09167743937719161,0.13207374679788708,-0.05497681934576421,-0.023210830275630007,-0.0662153951146794,-0.05350911722628063,-0.05171829019306678,-0.08987548183451492,-0.03476391122528501,-0.09943663077149958
7Networks_RH_SomMot_34,0.31171822705056185,0.2656411241745099,0.19320990124156906,0.15364124444844687,0.15956542953353833,0.0800035337307638,0.2363148167446641,0.14470489830465733,0.328776700322742,0.24268160240559877,0.2908450871319392,0.3095409773538355,0.02839447496661447,0.06430942928546443,0.17725910468405032,0.1730729994787727,0.2629834686125214,0.2555320607244428,0.20527414092863344,0.04863030438647244,0.27424654041949703,0.19590286180017497,0.32075150065408964,0.36312673395073036,0.09524606720884969,0.23335926689600126,0.5549503914136545,0.37017217017590875,0.22573418056486472,0.5832176781104756,0.1808867702581535,0.2197008483466075,0.22422946207039463,0.21446292883323764,0.19651808744171814,0.3412055797328916,0.12413537476490359,0.258262106549576,0.2545843168111902,0.29544640647952447,0.12838104625854424,0.2993731757142597,0.31273635169564823,0.3076545408436026,0.1506840263259162,0.2793179643134134,0.29568267631396505,0.2968084407450832,0.31092983228832993,0.29182867417553804,0.215388027273958,0.31033266834154927,0.5056507566537497,0.5550809053388571,0.654183046912153,1.0,0.40086930767470125,0.30507806886446215,0.09090104269559983,0.34154556253374224,0.40672017634208246,0.45677087697206864,-0.024056929767846985,-0.0288219676379648,-0.008476046239962518,-0.0875422602668048,-0.06474583442468636,-0.06101325768411313,-0.029838578385032413,-0.06754217278143451,0.009083102942318363,-0.02162564324399411,-0.03379213941616548,-0.03419089282038424,-0.03455566216144882,-0.05904806400767701,-0.0200771743446817,-0.06122776273097921,0.023287564443823166,0.10936232778959869,0.0947349502638872,-0.044657969357629244,-0.013805500808433766,-0.07351470706077264,-0.06795663473382807,0.018520377155542365,-0.0637665416602207,-0.007515524806493981,0.029328679128699815,0.012870964312976841,-0.00290987991438842,0.019913189365362675,-0.05078616168748823,0.03568225565040874,0.049979577019529854,0.1079803958296936,0.07838993212857612,-0.018366487489061712,0.09376087834263573,0.09556882196852494,0.07111486142572707,0.09280120521115072,-0.056054448368242936,0.022081901972130964,-0.028405926453142303,-0.001137359376750926,0.04629513379060313,0.03544808449211908,0.04370620309540933,0.015037273120308526
7Networks_RH_SomMot_35,0.3217595405293727,0.3031994146529904,0.28611415774098387,0.22459263312371375,0.20806230388259947,0.05685738173642767,0.20892492575163518,0.2690469642776296,0.3471208043454756,0.28245430896160123,0.374676930633429,0.34199054633776194,0.036595160960041145,0.12087100027470936,0.21320162458114345,0.2910178178171483,0.24581279674854767,0.31510744401539037,0.23661453658899345,0.24688256488296337,0.19361888761077034,0.38140934443865326,0.3859464662933983,0.34267461641931546,0.19915775981097936,0.3488507195707412,0.4531593859443005,0.49224094875514135,0.2743934158550339,0.405651905422294,0.14895583113978803,0.26129258142618883,0.29170198214681303,0.23614439169872176,0.31610023566974293,0.42352558047995786,0.08798125125905593,0.32381128501684814,0.2302119237183348,0.2726501834384268,0.24021595631851284,0.2602575361421504,0.33152701527791134,0.37870565916300514,0.0965531271621563,0.32752584861195316,0.09068819215725611,0.36524523975803397,0.5691908886559046,0.4234196230880252,0.19438429709989793,0.15987255370010428,0.39219234563893823,0.5054831223782905,0.4013322035152434,0.40086930767470125,1.0,0.43938491328566254,0.3556232150010729,0.4308571450718697,0.41538845185261425,0.37163052026185206,0.029386709676401872,0.014102591367277699,0.040516091464060607,0.028286424784161546,0.02491806689841792,0.03389395966457623,0.07061644160021856,0.049106339862420224,0.04339055830540249,0.026810357821723235,0.03956265853885889,0.002276139519242954,0.029008037891831914,0.06809655977124891,0.06695430660010974,0.07702050775297933,0.00982895505274574,0.058540029812871826,0.049476720917043984,-2.4684848112314193e-05,0.014703747659736963,-0.0014338480015921732,0.021769756666783897,0.016576969970477452,-0.013000952070388152,-0.017801539031116056,-0.001075549097973169,-0.11675285949598525,-0.06708263700070115,-0.04638729619062083,-0.03959858928350046,-0.03250420071675832,0.007406621200687187,0.007213476647601317,-0.00281465514680024,-0.09368647035563622,-0.0021267278450323394,0.009168045018042604,-0.02411444381486184,-0.01192494494107135,-0.10467182709734178,-0.08600814728999098,-0.08735407659711204,-0.012753875251692432,0.004275402513713859,0.019239910115028028,-0.03241190645398071,-0.011456231451723897
7Networks_RH_SomMot_36,0.15031543336262282,0.34188137670159224,0.26214789554849705,0.24433652303936662,0.16539545453079038,0.08355208460623315,0.11348392561700739,0.31265797100036236,0.32118644416467085,0.15930683214529462,0.3768014035783935,0.2337207749427519,0.07934667551431522,0.33191480040179605,0.18829561367360048,0.3625395751598316,0.18384115935360154,0.4105638863750372,0.18623580430804323,0.3816215092137672,0.24499204125393678,0.4761530306679082,0.47706821836590446,0.27206391214978193,0.3379811123508442,0.4219441125954331,0.4790528355504583,0.4307939600095775,0.4113543289609225,0.3879329932775131,0.00961395226081561,0.11281384794228665,0.14039660068258403,0.22773311505382354,0.20623265119775858,0.2495719958432553,0.1394230376779647,0.2848234029309317,0.21892038674568667,0.298676620649011,0.21550274216689186,0.2669716127654424,0.19813389929268624,0.27107210293553846,0.06696848234420373,0.3682290841995625,0.10570066504169157,0.24533719589115818,0.32215991180862596,0.5175273898882596,0.04746089837609275,0.2701287491970769,0.3683902280313068,0.49687221208226146,0.33767128942859903,0.30507806886446215,0.43938491328566254,1.0,0.44285598370983376,0.5458730083169139,0.5051954358212734,0.46441531138046716,-0.040894629228634516,-0.04925255229441956,-0.010739351386432268,-0.10807431685351165,-0.06725309327571899,-0.047990134172965764,-0.04370961600232543,-0.027328772795326094,-0.09319950893646319,-0.056793641150701235,-0.03901913065219769,-0.07685491704932104,-0.055217294455198386,-0.033193092143678174,-0.03175898948987606,-0.025010024435013573,-0.10499690572834017,-0.034625396809720085,-0.06197818225401913,-0.07324996581313936,-0.04236473740205258,-0.06467210958907109,-0.11426390840978362,-0.052323855527897256,-0.08421550404585583,-0.06284622303835144,-0.04153733161475069,-0.16769574642746185,-0.11903172120051361,-0.1149782025053769,-0.08952127849020293,-0.06545656140586639,-0.0010479357416606568,-0.06712934796075407,-0.00367992740685404,-0.08750952647004095,-0.09087178997565233,-0.06892336554153909,0.0023638653904400407,-0.022770934165902444,-0.03785155362208634,0.012209901652845391,0.029213293802867305,-0.09870899778579269,-0.05562746281838629,-0.04129394708270705,0.009479607283806245,0.025729670658346193
7Networks_RH_SomMot_37,0.11162031863175792,0.20375662596085514,0.22275269754089402,0.1841383036605659,0.016923389885261052,0.03832191477467914,0.156837786890654,0.3806778184775711,0.010687811952709719,0.2172451914271722,0.205108786845847,-0.031420730107056434,-0.053062939394628146,0.3349748859737309,0.21779132681464708,0.37040311813588167,0.14352441230163607,0.29384758126547667,0.17588042284897398,0.5377041869873521,0.28096385980813954,0.46405622666676827,0.22132706857413906,0.1985619632562446,0.6500833711556937,0.633951334665237,0.16272027878666703,0.4740764582676418,0.460121991148348,0.32726269800313407,-0.09902670726587495,0.017327487408951677,0.04438469559852018,0.1434241115529506,0.17757989357498505,0.2258453631637858,0.11655204865812847,0.3082054876625261,0.26610142486579846,0.09283778819020296,0.18798107640192457,0.10999796061095618,0.18024459941196297,0.14179265774516214,0.044751690732756595,0.09517320786839775,0.08312852503582917,0.288051731771297,0.201943905521187,0.4927844923046484,0.1316901867005638,0.13417539793914846,0.0991448604738972,0.46694316834508637,0.2400411559315308,0.09090104269559983,0.3556232150010729,0.44285598370983376,1.0,0.44558264114115087,0.3578549936944537,0.3135777164344356,-0.11313649263019153,-0.13969416595617296,-0.10790918287715225,-0.09591763568731039,-0.11357736238432128,-0.0846731053048281,-0.08059233192912907,-0.10310964099715365,-0.16339739841443138,-0.15295979884828012,-0.12848107958472063,-0.1180018863659581,-0.10263966857871384,-0.04533463760043381,-0.12088873490690048,-0.09106779355434491,-0.07571513856710814,-0.02520879109436161,-0.06381026366919648,-0.055414876486328535,0.006395975537701544,0.026330982532433808,-0.06110434945600748,-0.01568359555953784,-0.14785588818033074,-0.11022483277664982,-0.1956402195003931,-0.127284630794136,-0.07710174445494772,-0.10316634379709345,-0.10906539254206682,-0.11481027863695704,0.06534237356839542,-0.09503657435097611,-0.043875947331074285,0.00868757198163857,-0.14072787717269716,-0.05404810604013186,0.049254160192600704,0.03006043954442909,-0.030200592950701145,0.11046800218102208,0.047800665978208916,0.07025673842356862,0.12263084913021487,0.08789470828208325,0.07925789596861466,0.11084531032670644
7Networks_RH_SomMot_38,0.39074314897163914,0.4779243662054872,0.4752411619505024,0.43349905134958594,0.3853225641698235,0.24678505478013132,0.3856224727037352,0.4597185513378932,0.405802547195457,0.39152977525881294,0.541601554839782,0.4270316485426162,0.1910904178940566,0.4117689943761458,0.3826716006815563,0.5073616989914453,0.5800702637887573,0.6942182551168286,0.35274224716523866,0.45099453180022614,0.37033911916960643,0.5986793241276664,0.48600602635611717,0.4893438025584348,0.49873339315363185,0.733628232880221,0.5097200956179492,0.5902872587179347,0.37369476990175765,0.535843560698368,0.13507510810525714,0.28282030399426417,0.36028418034707665,0.3613914371266853,0.4853549410975478,0.5658806739934806,0.16705926389408698,0.4861214732114311,0.4213437416029455,0.39136269315900124,0.36785050656605345,0.5187343259741114,0.4770501494795077,0.5342592581070421,0.17392388837637304,0.5292834572741287,0.26248637678103176,0.5481376053806409,0.3905565798652052,0.5289794911794488,0.2685766874948629,0.5101915301366731,0.2627435214296062,0.5821266715971738,0.5573247412219108,0.34154556253374224,0.4308571450718697,0.5458730083169139,0.44558264114115087,1.0,0.6796248930448463,0.491893334107212,-0.0670982459213505,-0.11089711887875331,-0.05600699445708387,-0.09447909702818261,-0.10141670187255931,-0.06789394498458376,-0.06141918845514931,-0.058660913811308585,-0.06926887185753629,-0.1487790947217084,-0.08870686010768287,-0.1530273802679881,-0.16320225713446732,-0.11802941314925532,-0.05415693776491588,-0.09789239156965636,-0.13349428556249252,-0.0660081772038043,-0.10122550731162469,-0.03606093543948724,-0.021295789610428887,-0.025659451507975817,-0.09837844310869379,-0.011316691704435203,-0.12389872017157666,-0.07502324962571427,-0.06652740327997411,-0.02990057737990478,-0.008450423384382011,0.018252117202767405,-0.059993676195286706,-0.00806158536789444,-0.05102187030633568,-0.038509205257705,0.02152006715000445,-0.15678618372441747,-0.07801122232962274,-0.05910006305498265,-0.03418111293582538,-0.02892942405492063,0.022629714450431087,-0.01839333964227947,-0.024926619209000737,-0.06688144598063461,-0.07957425299362761,-0.08611934103939416,-0.0017484083735975569,-0.07814419230516098
7Networks_RH_SomMot_39,0.3988663602401031,0.3270507846828241,0.40450445181962613,0.3572839352663257,0.2967994542896409,0.1984970181404623,0.30669085570022303,0.3791195148081868,0.31322425697152567,0.37382843923957143,0.403452831368071,0.3297499028084162,0.19309061107025896,0.3184409210700914,0.2704638788182169,0.41544861993545823,0.44982998216253434,0.4517683016463232,0.32951593693141956,0.23979628908813985,0.3627579813337522,0.4675431171852846,0.3427113771394309,0.3987335991279497,0.3896559133683772,0.5807549365139519,0.5113622795517205,0.492014228684494,0.2755267225588973,0.46627205603941674,0.12948828612919014,0.2327679491624091,0.3032309788448135,0.2899725070444162,0.4180261238614258,0.4890656877300909,0.11073854896423771,0.36632912465194345,0.3254460450325223,0.33751602223710736,0.3208252518930606,0.40554907302240256,0.4718250530579109,0.47921039720245806,0.24892563484982597,0.4141379746397814,0.3608652166560709,0.5508407474647954,0.39295273389242086,0.40301790334151716,0.26703408644860865,0.36828684779216886,0.36927267473602443,0.5480467724419559,0.5648876938468514,0.40672017634208246,0.41538845185261425,0.5051954358212734,0.3578549936944537,0.6796248930448463,1.0,0.49854638897839676,-0.051155769094563056,-0.07220331943782192,-0.03210041036678766,-0.03636708837340387,-0.055860009865936755,-0.024423816802018713,-0.01640157729733792,-0.03251227992262881,-0.07007138002274595,-0.07847127442666671,-0.035908363302628955,-0.08651871103741013,-0.06506816148367406,-0.021818582364692075,-0.012308868925345235,-0.012255608775250735,-0.08563584340124474,-0.007749580022207987,-0.03342200426480088,-0.05587406715889027,-0.024188012097841268,-0.039543320430775165,-0.09451899785938118,0.010539184846532896,-0.05400788033779455,-0.05960304306046572,-0.04215404403986456,-0.08686095418371824,-0.06802888931147187,-0.04022484199843034,-0.07288229343247303,0.005823208129001051,0.021687292603869396,0.008743556579398046,0.019207164623110496,-0.06954625776557437,-0.032853024919091756,-0.042064684010923135,0.0425159208762455,-0.026600808226160545,0.01136722263248068,0.021041299601340203,-0.03123066796739146,-0.07216737277436544,-0.03996443537832801,-0.09343675269198591,-0.013044117155302043,-0.07155432216944028
7Networks_RH_SomMot_40,0.13017824943864217,0.27083926276787285,0.12761452029891682,0.11227045016033345,0.14423171036950164,0.07973983252382572,0.14216207499286848,0.17576369561140007,0.20290647056659716,0.16225793434774996,0.21966341144380466,0.20103975171221194,0.10661042477387266,0.17235557501944118,0.1975221642363012,0.3258345383910732,0.3274484512431381,0.34300715678900295,0.21194314044373952,0.17137514611251248,0.2623485345133858,0.3115285328897467,0.2806210615312308,0.27535362142529823,0.1911025977062225,0.4333371417395958,0.39238215790317604,0.39255821669666147,0.2677142448068831,0.43918261808904574,0.02409130706860414,0.060654822355488316,0.056301387325446595,0.08659191645907756,0.15287476616867213,0.20813052525663392,0.08307637354552339,0.19542945953423715,0.21138455977477372,0.2505721016126755,0.21957806993975046,0.1659653419660731,0.19816671720119539,0.19120736570278563,0.16713637322049327,0.2202661858332838,0.1959624504026063,0.23055812531369166,0.33688125439409033,0.46671385719900627,0.13811947085721132,0.34542927864555517,0.35611461328467126,0.5531631096737543,0.4014454273566079,0.45677087697206864,0.37163052026185206,0.46441531138046716,0.3135777164344356,0.491893334107212,0.49854638897839676,1.0,-0.03500417826949947,-0.04824794636769772,-0.023005682811356412,-0.029939354409441524,-0.03197703152810178,-0.012490430273735574,-0.008460292265720903,-0.009699299881277303,-0.07954116817455141,-0.01730460761511668,-0.01939340106965813,-0.020909962163042414,0.01835153343371686,0.03079538379468757,-0.02486912083515217,-0.007514371622557215,-0.050060293392420845,0.07001086112062692,0.06806082694601157,-0.04210728996544498,-0.0016755540968217968,-0.016841976351134158,-0.0009295944265918558,0.11595761438803612,-0.04116806924781327,-0.045386563764527786,-0.061124357298375905,-0.05357414074534228,-0.04095239838468905,-0.023326199504143028,0.014959632053745396,0.004304731356153206,0.02130827533281706,-0.02674987543216416,-0.008580961739507972,-0.10232172989552446,-0.07620906483368521,-0.0587112914216866,-0.04172689106781852,-0.06308639742799506,0.022800511571390666,0.07598621751682649,0.10569397574694518,-0.017719026171380405,0.018650300596858568,-0.0020025511967176764,0.10590205150899488,0.033492217568397945
C3 GM left dorsal horn,-0.13187798769981715,-0.011565700889623639,-0.16656184989692882,-0.22377898239554542,-0.051856774994662985,-0.1201567807527443,-0.11168868942629666,-0.09499130794325002,-0.014605846243597414,-0.089859062539599,0.03697477500376523,0.029554370418273853,-0.04313719817638164,-0.11972332161528537,-0.028266074125128486,-0.003818740036615309,-0.0007879367335362403,-0.06795102386040329,0.05423167139687812,-0.029268322420023758,0.0896934660988809,-0.01160622957733636,0.004177563680459355,-0.0011975589280722608,-0.08792855128445332,-0.12879382978342868,0.02679306501729066,0.0181265394536039,0.036527016677321764,-0.1000223909711677,-0.07225263150276723,-0.11107205122707861,-0.16728535231290623,-0.009973195093409503,-0.1268983767826628,-0.1491288200007376,-0.029324474961026796,-0.11672624672396154,-0.05050969496531169,-0.08603577528208393,-0.1472270820974509,-0.03610671298570128,-0.07956873141554174,0.009355998477095053,0.0827253880781505,-0.007148265699399188,0.035539310536765574,-0.07512386412938936,-0.0003835039211134218,0.07652113602140004,-0.044598706909967124,-0.05419866761922457,-0.021836005049519127,-0.09954906694645026,-0.06855063810452873,-0.024056929767846985,0.029386709676401872,-0.040894629228634516,-0.11313649263019153,-0.0670982459213505,-0.051155769094563056,-0.03500417826949947,1.0,0.7991550866125225,0.8002250151241249,0.6121100999157248,0.6631002481548832,0.5953349614040743,0.8018820294889082,0.6878386180311692,0.3505693325954992,0.34009043197712735,0.284359506792193,0.30136821774832884,0.279410185753242,0.19431498792892327,0.33499005560252104,0.24716335574730117,0.16920459632477666,0.21435432954890174,0.13807297794001253,0.15012853862704717,0.1528775684831347,0.07398723466401064,0.14323205425347643,0.11010300268509665,0.13640758009548742,0.1244481997511796,0.13236682326121785,0.04203517973904527,0.05732661902277179,0.05925124547111045,0.11033635416424084,0.06436981890958834,-0.12552355983893634,-0.05286797366083006,-0.04423769291670691,0.04411782674301659,0.06250911877296061,0.11209701033827424,0.060179473267409314,0.033831511684110395,-0.10177123527735636,-0.07818168521970956,-0.03225020878219168,-0.018223483646928988,0.0020606855685336833,0.00839573473865591,-0.08658274477192705,-0.09763187276342912
C3 GM left intermediate zone,-0.15759237464287984,-0.049307339476358736,-0.2190842677360479,-0.1908922157701644,-0.06162423502611488,-0.08216398593610301,-0.1128074883320461,-0.12354297068703292,-0.051978207185078666,-0.06912378883439425,0.01476001747890757,-0.015383396185374933,-0.04672310142345854,-0.13889577356997607,-0.08629062362998069,-0.008168699842911364,-0.03893414334674606,-0.0954867500372084,0.02044273883555836,-0.07418198044184048,0.051410295953443846,-0.04625756423048671,-0.06898804262841096,-0.05473928054643703,-0.10210891342560975,-0.14460525814328884,0.022791796049437287,-0.027463641269607538,0.04252465816621612,-0.16768275795433793,-0.05160926549849961,-0.13763762663445397,-0.18093007839857989,-0.11894648425753453,-0.15131716166399348,-0.18895908138955023,-0.08799626424415911,-0.15114464909654726,-0.09897411125179445,-0.10136984337792912,-0.14079396695106414,-0.07633191947414916,-0.08387255168095545,-0.04906086125393353,0.06903107479905436,-0.06353232489595854,0.05346106284202091,-0.09155859201664952,-0.03619178395664998,0.03659055916893345,-0.03930334128177269,-0.08285983180031549,-0.041167494206596766,-0.11376059744095805,-0.0755915645984943,-0.0288219676379648,0.014102591367277699,-0.04925255229441956,-0.13969416595617296,-0.11089711887875331,-0.07220331943782192,-0.04824794636769772,0.7991550866125225,1.0,0.8721799094260444,0.6865667798425038,0.8253858195878241,0.741029227040749,0.8124148432863348,0.8230465420675294,0.3641204508842261,0.39262697531480184,0.30346511841630497,0.41142099039608204,0.38322160412219547,0.2875979156360683,0.39148913050754924,0.2943263611651509,0.15352592750823232,0.20251982171843244,0.12871214959638447,0.1629362301455659,0.15078150463360948,0.07010554277655419,0.09417761680571825,0.08197873277053683,0.18226092379601636,0.16593784596864924,0.19738467263636686,0.07251982019901922,0.07564753904698965,0.09248340468817995,0.19181736521947024,0.12987271600435082,-0.10763570936809506,0.009556026960518629,-0.0035878241800057892,0.118676624147971,0.13094241361613546,0.16608878139287303,0.09858439710278004,0.06599934329498973,-0.08817815613033897,-0.06676566653749567,0.00430964634074133,-0.047353205010712,-0.01758507334685904,-0.011745653704279933,-0.0944158490285783,-0.07584933275300099
C3 GM left ventral horn,-0.09970986553631545,-0.020406388111792295,-0.1996125476164847,-0.15124566690980495,-0.012342314884839632,-0.024591359963494062,-0.027561455783490868,-0.06887571821167128,0.00024151312600309284,0.0011447848702716844,0.05662581748706884,0.02972143007734045,-0.007343393750915896,-0.09503290213916035,-0.0045070580312003535,0.058342954211357434,0.014644945064860653,-0.03796700203368008,0.08395677455834724,-0.03628022061247354,0.10952593854791981,0.008407128643019467,-0.01630147435308419,0.014516590602344946,-0.07241004905590323,-0.09702487957636152,0.07351787698105,0.03254917487260014,0.09456318960049719,-0.09383826737781543,-0.022662191131987964,-0.10782298755360653,-0.1585390975518887,-0.05609915269780023,-0.09572913413993003,-0.1190067244538336,-0.07605274163601534,-0.0657229914604233,-0.03600378511937159,-0.03568109369038356,-0.09498433909357336,-0.05429609028650675,-0.017946973952878392,0.015728752592165003,0.10187836620129719,-0.008103674965558872,0.11830579732683394,-0.026073095744925997,0.0031910579338333164,0.09564978862970676,-0.009159797358391845,-0.05513290167119928,-0.007898558685516434,-0.07902064609355083,-0.03074959862823493,-0.008476046239962518,0.040516091464060607,-0.010739351386432268,-0.10790918287715225,-0.05600699445708387,-0.03210041036678766,-0.023005682811356412,0.8002250151241249,0.8721799094260444,1.0,0.5896047848422371,0.724410017245754,0.6932414263532959,0.7997696874295093,0.8199573606275137,0.34012523321534605,0.3206241539696737,0.25654572417002625,0.3284102993701401,0.2872820692434882,0.1995732212419658,0.34056029442924796,0.22808125438052052,0.15148118891359025,0.2064966360761402,0.128838374297895,0.11820518976219538,0.11714078727235182,0.022407491580771665,0.08064377973056304,0.07893952588776637,0.15071028741654469,0.14467570910968,0.16182922610826447,0.04383922707636167,0.05535100504289117,0.06624790997446994,0.15376009296096857,0.09619847981273624,-0.13284894996035132,-0.024790032937134786,-0.01902562020593402,0.07686334155858555,0.10650581520820107,0.16862078561738122,0.08812561277522579,0.06623478326695727,-0.10135455534141932,-0.06384125730185218,-0.004018335802606674,-0.04727810909926142,-0.0193349407304518,-0.01739536521892138,-0.09568394608607768,-0.0913161829350184
C3 GM right dorsal horn,-0.10157909191458404,-0.06649817689645482,-0.17046558323266894,-0.17055070688435933,-0.0564024962379571,-0.08882714345323585,-0.10216896364716946,-0.11230099995883337,-0.09803393723248773,-0.07350887978105157,0.006198909457271396,-0.021053645617048516,-0.014015619683769603,-0.09241221682439581,-0.11773638401391526,-0.051099856601271185,-0.06336979583695043,-0.0671501379007252,-0.009169036999152131,-0.05624270124588448,-0.042275178426711385,-0.06298704810599627,-0.06939206446470654,-0.0435819893997698,-0.08364019445992651,-0.10155075458415351,0.014085398167364135,-0.027303139937688313,-0.007455896523977319,-0.18826260533572814,-0.04482401547785342,-0.12596643107170447,-0.16220605005391497,-0.13738888222305923,-0.12380582640796639,-0.1602763558652112,-0.13387057112969952,-0.14013153309605345,-0.09583589524539445,-0.07223642895122707,-0.09784502400312312,-0.1283545541760063,-0.08965732306649478,-0.05434836508173263,0.05454823316299417,-0.04006028196132079,-0.000133663510048001,-0.06719401753488859,-0.009759816506842536,-0.01465085001200447,0.0090160106903858,-0.07969240603939247,-0.056878801558260715,-0.11488575549795274,-0.08032557120401944,-0.0875422602668048,0.028286424784161546,-0.10807431685351165,-0.09591763568731039,-0.09447909702818261,-0.03636708837340387,-0.029939354409441524,0.6121100999157248,0.6865667798425038,0.5896047848422371,1.0,0.8363306095087369,0.7904370900520787,0.7925227744755184,0.7118474415066001,0.347554839293108,0.37715895073981526,0.2943527705179428,0.4328113806508917,0.4207147894875409,0.36634984245232277,0.41846684805621814,0.3610688065979912,0.11991001617274306,0.1870250614460134,0.12329136711208526,0.14383352995709903,0.12895268374195754,0.06424329073483616,0.09298244134186237,0.06742719739051437,0.20272239274999118,0.18477834105770272,0.19331603512900972,0.118177659711247,0.12819136664786293,0.1554443090934138,0.23626685765224265,0.1694632089598299,0.02156612395658348,0.0936778987311421,0.055174797138529554,0.07574722008405424,0.10584136908837707,0.11357502424683946,0.10304046393637267,0.05226981770364329,-0.08211773748566623,-0.04174285141517364,-0.00901122262801123,-0.05729397140482087,0.008185841882431695,-0.020241053096319392,-0.13479374374056521,-0.08969649046181702
C3 GM right intermediate zone,-0.14978198936816686,-0.045624629652727046,-0.18486841304802518,-0.1551822442661054,-0.04443989097202671,-0.06757741586448222,-0.11943808020416015,-0.09094121341198723,-0.06971984089861724,-0.05837618756040636,0.027460453491064702,-0.029322479273173517,-0.04850052201522853,-0.09993776391010244,-0.12677003919021249,-0.008143098381347604,-0.0483812722750997,-0.08244596648714377,-0.0063411782706637694,-0.05258025166776921,-0.015535433516387072,-0.03620210253788966,-0.05678235557077498,-0.03253308676122232,-0.08073267877711182,-0.10902468666583273,0.03937957846369858,-0.014869229894641914,0.044186716115200725,-0.18914954903244316,-0.054073346101443855,-0.12523426733764145,-0.16678165193357236,-0.16778479856021453,-0.12014689476171994,-0.2005321147233955,-0.0999623658409616,-0.1522094189182941,-0.10617701870217319,-0.0810031919309348,-0.08424940351910976,-0.09980756133951119,-0.08411529709698568,-0.05563822712311807,0.05716944375891147,-0.06618698078385905,0.010010043855643426,-0.07745850777266199,-0.02324369164783947,0.019173254770275972,-0.02764753315908952,-0.0842774246715391,-0.039032726617305294,-0.10626017622112803,-0.07208763843975186,-0.06474583442468636,0.02491806689841792,-0.06725309327571899,-0.11357736238432128,-0.10141670187255931,-0.055860009865936755,-0.03197703152810178,0.6631002481548832,0.8253858195878241,0.724410017245754,0.8363306095087369,1.0,0.8863237669201713,0.8096875177202183,0.8222605579358806,0.33816991207515773,0.3872530472510818,0.29349525246436586,0.4440841462007555,0.44022303377643457,0.37106299454459435,0.4045710255669105,0.35549317587966556,0.11034853288531804,0.1724366012089887,0.119234497680853,0.14952459383763309,0.14666204144099776,0.08722870620873167,0.06854088597562069,0.07565139671824923,0.22148171354162657,0.18516010143855854,0.22451597081669342,0.0913993637688598,0.10066896234553986,0.12327082321929217,0.2165750622430808,0.1545242735950377,-0.044318539387616165,0.05379429979785587,0.02586612311054132,0.09565867873256796,0.11031856818620202,0.12130644287353573,0.0808885728702862,0.041493082516379724,-0.08319831391024309,-0.06726302939243942,-0.002447707774518531,-0.07736217212840217,-0.04442047525522513,-0.05885849195603866,-0.12466399375794476,-0.11458147023891173
C3 GM right ventral horn,-0.11708193793555464,-0.050218783906615404,-0.15479075730977587,-0.11659928072440441,-0.006403769117941538,0.0055183021057820655,-0.05243041113585262,-0.036258145545118976,-0.04046701288249419,-0.0013473379128142774,0.06393547359641923,-0.026038867642792445,-0.03543108533776229,-0.06209053382748371,-0.0848118142397898,0.033988516673149685,-0.011369229605383637,-0.04180534148001974,0.03667305797095981,-0.01669669865136919,0.00873094126692199,0.0022482005052051985,-0.018781437304009385,0.028133775787629534,-0.05162984287772936,-0.06694139213498106,0.07634363159458026,0.027744959187866323,0.08369732452645347,-0.1572587597120863,-0.03520282897656607,-0.10375433856532455,-0.15571838655010595,-0.1729197732676879,-0.08105929131251317,-0.16525027348724353,-0.10453247323854402,-0.09630055244950088,-0.05715838664674139,-0.03254230247832723,-0.02569911691596534,-0.0895484667135855,-0.04615019848644522,-0.028086674242752664,0.08043626283782887,-0.047024417025095064,0.04521791640036875,-0.03441045941553375,-0.0004165321405893915,0.04378736497060375,-0.0017969453784509703,-0.07173883843087793,-0.021077755554418414,-0.08281197363149564,-0.030628566658139365,-0.06101325768411313,0.03389395966457623,-0.047990134172965764,-0.0846731053048281,-0.06789394498458376,-0.024423816802018713,-0.012490430273735574,0.5953349614040743,0.741029227040749,0.6932414263532959,0.7904370900520787,0.8863237669201713,1.0,0.780594640734729,0.8129262914002311,0.27166883924959995,0.295655704759209,0.21495086169521904,0.36012106633972135,0.3525221151320055,0.3008614797321377,0.322455328177975,0.2837969708154786,0.06930502100260295,0.14624265814022328,0.10433411731868329,0.09963997551735816,0.10919552083302927,0.05380775972470924,0.022558599004798396,0.0638544957434279,0.20802351303565547,0.1490773464332182,0.19387720785038204,0.04123435981372163,0.05218214047532544,0.07938527071193507,0.16536379733651096,0.11407399483523788,-0.029019640927089394,0.045126476815969846,0.0226430076532351,0.051795844579622025,0.07936973119835092,0.08970556453198678,0.07015988660088404,0.03395480606271501,-0.1104911972441849,-0.08302811006752943,-0.026772575421125187,-0.09438629290684075,-0.06969820350655008,-0.085350645240455,-0.13845766529201223,-0.14990671529800315
C3 WM ascending,-0.09655573823879626,-0.01133068558598208,-0.16237076724971597,-0.18123431824047398,-0.028073773262212953,-0.05731452632207739,-0.0741267085211568,-0.05822013720665,-0.04403756223306354,-0.03531321873394844,0.08422062183101416,0.02637953030230433,-0.03440522533342751,-0.07101651557041413,-0.05658937204775942,0.001430004530604026,-0.007788517297423084,-0.03169205913894962,0.0735490285277135,-0.00518162532335796,0.08434793737227027,0.02803434384732093,-0.013984843635735631,0.03406621067384274,-0.03172292216256917,-0.07059672367389165,0.05860470112221101,0.06931719931532689,0.07902262502656292,-0.09718856356267355,-0.04672420778611889,-0.11940465905266814,-0.18802007113205804,-0.08844140232224093,-0.10851831066065475,-0.13918597902626226,-0.10325678684206971,-0.0947765300050114,-0.06579682056094768,-0.0408995498648377,-0.12836154785839565,-0.08394851379312224,-0.06072107695326346,0.007530344687946985,0.06732434768424142,-0.028130602316056665,0.06435169643727995,-0.03659155799151813,0.0069675716210218465,0.08393539318667408,-0.02108725208504187,-0.06598765813345299,-0.03839263254482289,-0.0755378631065693,-0.03575566716673254,-0.029838578385032413,0.07061644160021856,-0.04370961600232543,-0.08059233192912907,-0.06141918845514931,-0.01640157729733792,-0.008460292265720903,0.8018820294889082,0.8124148432863348,0.7997696874295093,0.7925227744755184,0.8096875177202183,0.780594640734729,1.0,0.824897739936941,0.3566600283999905,0.35868614091073603,0.2939972659661346,0.3935027992933415,0.37016419861232525,0.3132211383846168,0.41946396488225807,0.332590650827077,0.1358236740411817,0.20118687925026443,0.14135056144560973,0.1376819516834241,0.13897816723465226,0.07060306713482227,0.11187051891563013,0.09131109312428408,0.21346324634625335,0.18296722512801408,0.19484495594382412,0.07284656353745676,0.09595061327790393,0.11469334003581888,0.1994500155967713,0.14680986624359474,-0.05783153762594336,0.014202615034706611,0.003351066681096512,0.025450295927877748,0.07354997541281783,0.12304960231529101,0.06556463767559154,0.04564004748945749,-0.12668042545869554,-0.09038616392940835,-0.03997869958868952,-0.06438780575935792,-0.02210285269065434,-0.029624404095184315,-0.1492244623536812,-0.1300914237465091
C3 WM descending,-0.10753507031187663,-0.035969730067780155,-0.1611922758270538,-0.14600714167983594,-0.0104802775810169,-0.011312399867827363,-0.0576551730150813,-0.06100894279394384,-0.03542159799109463,-0.020725465576019703,0.08070179867631448,0.011112637772025855,-0.020232036458288596,-0.0704799325082284,-0.03874954401490484,0.034554007771300396,-0.0037787746131015577,-0.03409603012419785,0.07740687988052926,-0.0425875486777588,0.10086989380207619,0.014873074508590652,-0.00397905295031799,0.0219190666355589,-0.057864434229656106,-0.06432890922536405,0.06423770108792085,0.055629724961137154,0.09566287195096108,-0.11851983097782488,-0.038219192695236756,-0.12572926598850445,-0.15537397979631395,-0.12114204824747996,-0.11299176113370935,-0.15284911409691096,-0.09975332969429579,-0.10046146139154498,-0.0614527325064657,-0.05010859657862688,-0.09558564489424555,-0.07698074800334768,-0.052603970059509376,-0.015294569671430254,0.06580260814301198,-0.0312489002534136,0.09286241765740223,-0.03415875743029194,-0.004033145636708953,0.1023410519674768,-0.014243598144894004,-0.0695767302735299,-0.04834814203731628,-0.09969615107360841,-0.04742229419643828,-0.06754217278143451,0.049106339862420224,-0.027328772795326094,-0.10310964099715365,-0.058660913811308585,-0.03251227992262881,-0.009699299881277303,0.6878386180311692,0.8230465420675294,0.8199573606275137,0.7118474415066001,0.8222605579358806,0.8129262914002311,0.824897739936941,1.0,0.357535711389258,0.34731940651226284,0.2953857257623777,0.405381819708395,0.36446736321058004,0.31211507483050943,0.42707696455910227,0.33811936579002483,0.11429178066397615,0.19595850675440338,0.1436149851825943,0.09938194543538421,0.13137407748233101,0.07251884581850206,0.0695522374643926,0.09884644149593112,0.18475369536535266,0.1501926083313973,0.2033095691661719,0.021885662280954045,0.03065277826665264,0.05419359523656975,0.1736398005058721,0.11666012147067294,-0.060928523414330235,0.028450663899378326,0.02687379801921611,0.051466868614887425,0.07961138366455,0.11540737455155188,0.07008696071292933,0.04771344171633126,-0.08613949067802122,-0.07852860381554533,-0.00027590186150224796,-0.08814692258443238,-0.07222394281515154,-0.07573677240417352,-0.12324877031850094,-0.1376022911203935
C4 GM left dorsal horn,-0.07447317207853078,-0.09847946089055507,-0.144552616937667,-0.11443469963351473,-0.10297611507237615,-0.12515316868140414,-0.12126104338272592,-0.15013496241440197,-0.02849034402240741,-0.10054057983171563,0.02738048923923786,0.07058477469475695,0.030272212989201838,-0.08648910867945296,-0.07263342090209543,-0.05639118369631682,-0.062492681368431634,-0.04340384913196025,-0.0034626678985557754,-0.07632881792836935,0.007722621607363727,-0.04295812734015645,-0.010549502335837463,-0.027549075014160436,-0.08023888177101769,-0.11768377943632433,-0.001517966365078417,-0.047140352978397235,-0.0599606058016955,-0.08100995383647841,-0.008426360224494585,-0.10932099789690336,-0.03666564781158496,-0.017456480611687853,-0.1484826897597799,-0.11786493804934539,-0.05911668081141217,-0.16667180829668599,-0.13126431240879052,-0.015289234837746687,-0.07029822648357212,0.022891864382760405,-0.03398368334169899,-0.0199192863874861,-0.08672805729994501,0.01564521895619425,-0.0029822147765884216,-0.05424515505407007,0.03348078308043129,-0.0969985057363549,-0.04452580186540599,-0.05433806309015088,0.009318488264039552,-0.07419419274051206,-0.05095379382920208,0.009083102942318363,0.04339055830540249,-0.09319950893646319,-0.16339739841443138,-0.06926887185753629,-0.07007138002274595,-0.07954116817455141,0.3505693325954992,0.3641204508842261,0.34012523321534605,0.347554839293108,0.33816991207515773,0.27166883924959995,0.3566600283999905,0.357535711389258,1.0,0.7492727307650094,0.7257913377814443,0.48650428492916076,0.46789414688015984,0.332695110167886,0.7384323683230346,0.535893236839439,0.16259472032313554,0.1426750001784599,0.14238158229924305,0.08012484701591734,0.07877560261175331,0.06639450284549475,0.16775318702010866,0.1573962360503303,0.15982204081393897,0.20998097837545662,0.18838848970252617,0.04977693327292796,0.12651602109809537,0.10585270619441767,0.145664591973621,0.1525789559740107,-0.008620942789275426,0.05213292640348436,0.055201689941220974,0.038143461163153695,0.09422152684577885,0.10863106126225988,0.08843901386841946,0.09112467483478963,0.08385834347663598,0.044203315312918254,0.08190361584390532,0.034081600713445716,0.07618222548487778,0.10107412968385011,0.021072409528182966,0.045274221139769165
C4 GM left intermediate zone,-0.16903168839765928,-0.12531093076330418,-0.19856429197120282,-0.21582823061092726,-0.19649951645866856,-0.22201650102162093,-0.2537401934981472,-0.2331262799094012,-0.1102089509860336,-0.19541769711594936,-0.0901602432428543,-0.00228695274986709,0.046207063531322486,-0.12651304449228973,-0.0886230626617923,-0.10707502773251187,-0.17266392190627938,-0.16047074302772338,-0.0023464417007187936,-0.09982105675220719,0.00432750474965236,-0.12785146953097698,-0.06094989038544236,-0.15071522727673553,-0.10433144781526295,-0.16561510177227232,-0.02169084988465219,-0.08200553861796395,-0.08936146311451798,-0.13384709455657354,-0.03573188379793658,-0.11693381008224643,-0.12785865189583226,-0.09170777619097385,-0.19197277009241404,-0.2254030285862751,-0.05927559210854877,-0.3013221620683138,-0.25015278577409744,-0.11136851112696257,-0.12335325779992241,-0.09896066403410067,-0.12073287645613737,-0.10611300771389859,-0.01996999046731232,-0.09273148321499501,0.016351381848524985,-0.0929371335832565,0.05904481753962609,-0.07868615147274444,-0.05810070381846876,-0.1498001295867964,0.04717440749997541,-0.09035738345168082,-0.11294011977715647,-0.02162564324399411,0.026810357821723235,-0.056793641150701235,-0.15295979884828012,-0.1487790947217084,-0.07847127442666671,-0.01730460761511668,0.34009043197712735,0.39262697531480184,0.3206241539696737,0.37715895073981526,0.3872530472510818,0.295655704759209,0.35868614091073603,0.34731940651226284,0.7492727307650094,1.0,0.8594952612167449,0.611728968785061,0.7199834334374839,0.5797591934421876,0.7471348153133819,0.7642402627925579,0.13689149966719955,0.10211012583841975,0.0941355909378229,0.12797353131724226,0.10849338585772882,0.09804685253869533,0.1844293595154047,0.12460656746647045,0.20101988811297947,0.1946271139089838,0.15493870891944678,0.10049665398147595,0.15618851901220196,0.14466805031822833,0.18903352539897844,0.14183977284304683,0.0390608508481983,0.05229643820031711,0.05601802224780452,0.08391358066509216,0.08147734932895735,0.09553255897848095,0.11237395102833857,0.06029177973267807,0.07083884839070598,0.040372698099480964,0.09413692463445586,-0.006228072654248535,0.04869444632221166,0.07071822407042336,0.025340120517925363,0.04017019334275554
C4 GM left ventral horn,-0.09880552776354083,-0.07315460731631407,-0.12681086531078736,-0.16455898890588633,-0.16566485688745725,-0.19777876006332323,-0.19982193536741835,-0.20208097665746227,-0.0752418124983345,-0.15548519185345064,-0.06721435852463513,0.01622090643210457,0.04880713328148914,-0.10125868820362006,-0.08366852289764,-0.07677104085406285,-0.14441632695195653,-0.1144301912141132,-0.026280318621584767,-0.09131046403007129,0.02515455675424681,-0.10410709863418577,-0.04597406187309634,-0.10795095285946422,-0.07816686314710229,-0.12757077232851208,-0.04578168492871174,-0.04590668286433498,-0.07914218173194254,-0.11311849567635164,-0.0031290321177735512,-0.0969477340198836,-0.06433566594172771,-0.02365751012055664,-0.14610061782651382,-0.15501384877267071,-0.02592051125188659,-0.2502331150244393,-0.19309587456214697,-0.08246837148165041,-0.06275497956818468,-0.10134426541952687,-0.07097008255692072,-0.05526206059830685,-0.04558858117081619,-0.08563766855499888,-0.00276189467523013,-0.05658914764881586,0.09148155929443864,-0.04144823013527181,-0.06402524186347443,-0.113238686904235,0.021039915600054405,-0.07826142106328957,-0.10195095366352698,-0.03379213941616548,0.03956265853885889,-0.03901913065219769,-0.12848107958472063,-0.08870686010768287,-0.035908363302628955,-0.01939340106965813,0.284359506792193,0.30346511841630497,0.25654572417002625,0.2943527705179428,0.29349525246436586,0.21495086169521904,0.2939972659661346,0.2953857257623777,0.7257913377814443,0.8594952612167449,1.0,0.4680218234384114,0.5744426480061147,0.47974190674847406,0.7336646518279514,0.7943191056229394,0.14789322723318887,0.09522969262553972,0.11795495207710081,0.1170768670898132,0.11798142625189831,0.12898961589412544,0.21136315645034048,0.15190113053156018,0.18558487861332185,0.1918517218651152,0.1414845017198693,0.11526569178774529,0.15521033554147765,0.1324360280210127,0.1615929888512765,0.12049185548204124,0.012068384121311879,0.05131913896662627,0.05858373405157058,0.06542197278044422,0.07922940795851217,0.08711877022127314,0.07587047301186432,0.04800929768748286,0.09942723269713667,0.045916403845245604,0.06768278758943104,-0.0052270672941422385,0.03491586942985112,0.03218618858754353,0.024488343411322493,0.029787970148081613
C4 GM right dorsal horn,-0.1714484158103832,-0.12618998602729206,-0.24004212737109318,-0.21183039484298843,-0.14620516886428198,-0.14362660643529918,-0.17391414394142435,-0.20166297656268659,-0.09992069897087695,-0.1451985145954456,-0.07714598147299115,-0.009424036910216654,0.04365366849008997,-0.11844033668220076,-0.11668860913051254,-0.11545414397676304,-0.07390357297895198,-0.138415143215997,0.00024409022701993085,-0.05931397546733227,0.00832832171164185,-0.11151942845280663,-0.056231171860917716,-0.13036026837973694,-0.12628168351550942,-0.15401047576088675,0.010763338363278368,-0.061695465123937,-0.016278295428666982,-0.13478056575468544,0.011696820285998501,-0.1258273959567579,-0.17427374546383173,-0.1805732399606009,-0.2030599664730825,-0.21951011477908527,-0.15176446318601422,-0.2525624144930874,-0.2545234906592784,-0.07038830087395784,-0.09975865169616933,-0.1342363218505481,-0.09910000790878534,-0.10442860304291479,0.03924652236126136,-0.054692878370022395,0.07727887481806689,-0.0363993024948695,0.043631922525530976,-0.04337876512174136,0.00303979980490855,-0.12334773490652846,0.06561385552814367,-0.07289020891942556,-0.053924388307353695,-0.03419089282038424,0.002276139519242954,-0.07685491704932104,-0.1180018863659581,-0.1530273802679881,-0.08651871103741013,-0.020909962163042414,0.30136821774832884,0.41142099039608204,0.3284102993701401,0.4328113806508917,0.4440841462007555,0.36012106633972135,0.3935027992933415,0.405381819708395,0.48650428492916076,0.611728968785061,0.4680218234384114,1.0,0.8509517267395889,0.7668331740978975,0.7147699169319419,0.5951542656000968,0.08880542975303987,0.11743497505122559,0.11912849788035373,0.16930862724118728,0.15918838476977426,0.14873813899930605,0.1863263591276476,0.14705901892136677,0.21283962969890782,0.19517250310987494,0.1495182927850298,0.08322425179147802,0.11398973488458387,0.08774217224080268,0.230324875244995,0.11002019912563667,0.0649764800264139,0.07613484804689263,0.06240485211257771,0.05738815940783621,0.0771558169890693,0.07368969005307861,0.10922846040123729,0.048351548036460607,-0.0839323021916047,-0.047874283491885244,-0.004370504397225502,0.02789603248548904,0.05387635803254505,0.10293947875095738,0.0034063798523606965,0.011033298183691094
C4 GM right intermediate zone,-0.19278676414768373,-0.13628244278411517,-0.23674408121265159,-0.24205078280783304,-0.18963664112170345,-0.21832519573371761,-0.2341538417667052,-0.218007483126635,-0.12196627119842193,-0.1801692431730121,-0.10344263348228101,-0.036510017172377014,0.018511738335069642,-0.1355605540980096,-0.09692686551247132,-0.13307344299598056,-0.13571982219371864,-0.1638363992075644,0.02882141838407467,-0.05906250420650188,0.0211073146202935,-0.12383883524000362,-0.06328776441008026,-0.15916462097167508,-0.1004178841825442,-0.14941014797816138,-0.01072981851236989,-0.0635415694712604,-0.0290412010377768,-0.12283988651051475,-0.02915502600502638,-0.11096538786322131,-0.19672741695134519,-0.15832705584391105,-0.20685963966984922,-0.24397976493891618,-0.11363140201170685,-0.27937864245078314,-0.27586085854566733,-0.1015497835049242,-0.10444967892372099,-0.1657569024286864,-0.12290334965264295,-0.11448441248325945,0.06550444290700459,-0.09655462619332304,0.06221347834852548,-0.05318022925709205,0.06737743944239805,-0.03718972034747821,-0.04423952298521684,-0.1727451030463337,0.07507427260849063,-0.07652796793155357,-0.07385080633533264,-0.03455566216144882,0.029008037891831914,-0.055217294455198386,-0.10263966857871384,-0.16320225713446732,-0.06506816148367406,0.01835153343371686,0.279410185753242,0.38322160412219547,0.2872820692434882,0.4207147894875409,0.44022303377643457,0.3525221151320055,0.37016419861232525,0.36446736321058004,0.46789414688015984,0.7199834334374839,0.5744426480061147,0.8509517267395889,1.0,0.8656856285493534,0.6974349651822197,0.7299831166544558,0.08098481112779626,0.09516424026121068,0.09134380133899533,0.14633450508338924,0.14670119827805975,0.14717762510249804,0.15608104810293338,0.13618381566731233,0.17398015135861433,0.15410374392781362,0.09296471530121012,0.10545412799880603,0.13175364463849185,0.11411075793496497,0.20136355410711007,0.08770640580644716,0.07362175394809858,0.03476894084177988,0.02240497177384115,0.06855121527600741,0.045297210477023384,0.05473737443801651,0.1032488504761852,0.01951039598971741,-0.026062785680460655,-0.02019185854354858,0.040671526625024434,-0.018445619439809977,0.017193756076441098,0.05381138485569196,0.01156737652369967,0.003794620340373028
C4 GM right ventral horn,-0.1419681532090822,-0.1070664410513445,-0.17512859090835875,-0.1950842348240182,-0.13707359083968249,-0.17822404907364234,-0.17524661723676976,-0.13910355911076935,-0.09891637498477605,-0.13790891593480822,-0.059454739659226964,-0.024483211635549347,0.009654857286655471,-0.08886759849587995,-0.07481821269852724,-0.11772357128516786,-0.1143537700460781,-0.11376387668699965,0.032346352440976986,-0.02459886877996698,0.03931270077675902,-0.07754483940539623,-0.04060294472055598,-0.09450205592836668,-0.04864393159112738,-0.10171439036123492,-0.01735466220320292,-0.00644647380208719,0.012443756915419098,-0.06996825623055762,-0.0019361372271607465,-0.0600237351735615,-0.17241227844576726,-0.11775677556736797,-0.13414415397774235,-0.18478750184778642,-0.10688258147102736,-0.23156652187186208,-0.23240310168670011,-0.06177174361481897,-0.09301931686003748,-0.17259960967096843,-0.11947162343559302,-0.08023615330436765,0.04980374075195101,-0.09151262392626648,0.04139058133816971,-0.024685419984872878,0.07025967797316791,-0.0071949560652069195,-0.04617061821131089,-0.15941621934940672,0.050829808537549766,-0.056009095854312956,-0.060762553770118986,-0.05904806400767701,0.06809655977124891,-0.033193092143678174,-0.04533463760043381,-0.11802941314925532,-0.021818582364692075,0.03079538379468757,0.19431498792892327,0.2875979156360683,0.1995732212419658,0.36634984245232277,0.37106299454459435,0.3008614797321377,0.3132211383846168,0.31211507483050943,0.332695110167886,0.5797591934421876,0.47974190674847406,0.7668331740978975,0.8656856285493534,1.0,0.6502665471998982,0.7507839687421418,0.03274607764724743,0.04552294857508225,0.06013948649936943,0.12050929702279299,0.13010786915350095,0.15666290080515438,0.12008926440079187,0.12071424733802374,0.1470414372285671,0.09713866786233082,0.0281804174850192,0.08034194636694522,0.08772120341151965,0.07370613728416586,0.16581252465388907,0.036186623630691826,0.09018158806304442,0.02433878208437813,-0.001627263305958046,0.032561906593451824,0.025353107020262215,0.0220661345858832,0.07706075628616889,-0.016193405839839806,-0.018135010616886896,-0.034951820402222035,0.02216842560828207,-0.008968427168335305,3.7025657769979684e-05,0.038754834466206235,0.017706735693076816,-0.008535456492770283
C4 WM ascending,-0.09523888381974396,-0.0737322169977886,-0.13878696496951942,-0.13638799917521358,-0.09839262149306403,-0.11513161085417721,-0.12320035461645075,-0.13890655693061404,-0.023640443062162578,-0.10359764029438938,0.00871043505680604,0.07902877922865362,0.08158310163288707,-0.03254899357613561,-0.07528380288918093,-0.06310639182760781,-0.0713935542001381,-0.05246302582412118,-0.008162363347249804,-0.052171865845466035,0.05386054989465536,-0.037720307649705034,-0.008468146899141604,-0.032844286232617446,-0.06870780568793129,-0.11787467868056212,0.021655207471094142,0.013433908623191647,0.0016808225132755538,-0.06841540388920808,0.0016117349033949176,-0.08592795521627872,-0.08110239420445545,-0.0577171723752776,-0.11231093794792338,-0.12855187475688448,-0.12036847566272631,-0.18518087828196758,-0.17848120213774404,0.00827014766720286,-0.06764711780644128,-0.06537357869730147,-0.03223149016128807,-0.008580869342411049,-0.05046470598987171,-0.001202472478409316,0.03785125206722616,-0.017761981626386293,0.07745624431149437,-0.02105304329118177,-0.027185859091732673,-0.09270534681747948,0.04365202440704273,-0.046394953804116616,-0.04693120302052544,-0.0200771743446817,0.06695430660010974,-0.03175898948987606,-0.12088873490690048,-0.05415693776491588,-0.012308868925345235,-0.02486912083515217,0.33499005560252104,0.39148913050754924,0.34056029442924796,0.41846684805621814,0.4045710255669105,0.322455328177975,0.41946396488225807,0.42707696455910227,0.7384323683230346,0.7471348153133819,0.7336646518279514,0.7147699169319419,0.6974349651822197,0.6502665471998982,1.0,0.741934359729856,0.13197203775817942,0.1348711979067776,0.15612621052732248,0.14224788532618007,0.15102516385285697,0.16038100040135284,0.22581230810287264,0.18953552830257545,0.23366761989116333,0.22004494226943447,0.17156940482099722,0.07337655937972319,0.11434372214536093,0.08670229656785322,0.2064464926832305,0.13593396984008121,0.03772987348443074,0.06812088316908432,0.06480633175410942,0.014968983107296075,0.07013115443889124,0.073327806758619,0.07392793714727222,0.029564208434895118,0.038247440910054255,-0.005036422579459105,0.027061087572582906,0.03509623206295227,0.04572397945911722,0.07532001648189808,0.005140233845578548,0.005907736196119242
C4 WM descending,-0.11369665785819145,-0.07059430559087894,-0.11730295326438622,-0.1731552732292428,-0.13788356815793956,-0.20080163196928574,-0.2179416513128923,-0.15544329353689268,-0.0941307980859604,-0.16526032108613573,-0.06881374180288376,0.008325640547830658,0.031022154439528948,-0.08434057333103846,-0.090904123896415,-0.11096405369480304,-0.16034722178305535,-0.12099970310497808,-0.007077984330277056,-0.05618922510760888,0.038172041924187126,-0.08429090503183082,-0.031034873810142975,-0.0732000015568882,-0.04933304356631491,-0.12063750604102398,-0.025073336065567893,-0.003655089665364505,-0.019561992081341927,-0.08330236214666341,-0.02723636890396664,-0.06699446964100296,-0.09843019249819837,-0.05318838991634267,-0.1061738747782325,-0.16026526232292101,-0.05371406316580884,-0.2683429245771697,-0.22994288023554765,-0.07512360988052728,-0.0925168100574679,-0.15970687508973222,-0.11936715085339399,-0.058693179990481216,-0.023782798318970465,-0.1121633023020085,-0.005338947970460399,-0.049309335182143844,0.10153406979172847,-0.011436629619805789,-0.08691846393911769,-0.15423812755041574,0.034589718638841895,-0.06601744064690535,-0.10061348146051396,-0.06122776273097921,0.07702050775297933,-0.025010024435013573,-0.09106779355434491,-0.09789239156965636,-0.012255608775250735,-0.007514371622557215,0.24716335574730117,0.2943263611651509,0.22808125438052052,0.3610688065979912,0.35549317587966556,0.2837969708154786,0.332590650827077,0.33811936579002483,0.535893236839439,0.7642402627925579,0.7943191056229394,0.5951542656000968,0.7299831166544558,0.7507839687421418,0.741934359729856,1.0,0.09413520958580279,0.0658291830478857,0.09838583775563318,0.11546204276938356,0.13820897881050084,0.16747872627439683,0.16429120830125857,0.15030464137371932,0.1765711223880334,0.15647908961051407,0.10302171091498435,0.13026513029739686,0.14898217992647728,0.1392930498083079,0.1752409599544585,0.10633489330180847,0.06924706450119579,0.06497692768577032,0.05911086228681391,0.04449071447098727,0.05029947510671161,0.04141510950865911,0.0769436465850376,0.009411519787612978,0.05591660847797557,0.016447307384629798,0.0456412869000731,-0.012354435298989368,0.016479047640805745,0.02468397057189809,0.008894017981401603,0.010126723661964316
C5 GM left dorsal horn,-0.00994764225291806,-0.10146542128967943,-0.040124893759688494,-0.15020957068691776,-0.17419590685922878,-0.12923075432612183,-0.10251234591928472,-0.19202779566289582,-0.028681403969996425,-0.06766862094157643,-0.01885071131745744,-0.04350563264553444,-0.028992448356633276,-0.11469412463783497,-0.0926244466729415,0.028297560557252424,-0.038345351049148185,-0.11232636558612631,-0.06896200675659646,-0.10005415240195474,0.06689822712246003,-0.14408468126578125,-0.06212170029229251,-0.10436491322851521,-0.0876786591560736,-0.08794627550854421,-0.05829765688974317,-0.11469999048188995,-0.021255747509069143,-0.09645399157334598,-0.11123271597246417,-0.15147643220721393,-0.03308382790199311,-0.048386008879456995,-0.047531576423358875,-0.08421693435671633,-0.0589141486695621,-0.13442588110090337,-0.21066186560816538,-0.09117403910837747,-0.0988568562970232,-0.07618516145521552,-0.10472146012633878,-0.10561532108733165,-0.1216801482434466,0.005262833230982119,-0.1406119634779746,-0.1328693796669651,-0.06388685804078792,-0.11016145916805016,-0.09189397152843026,-0.0641850486998271,-0.13091463541047488,-0.06053740924016276,-0.04144831178233338,0.023287564443823166,0.00982895505274574,-0.10499690572834017,-0.07571513856710814,-0.13349428556249252,-0.08563584340124474,-0.050060293392420845,0.16920459632477666,0.15352592750823232,0.15148118891359025,0.11991001617274306,0.11034853288531804,0.06930502100260295,0.1358236740411817,0.11429178066397615,0.16259472032313554,0.13689149966719955,0.14789322723318887,0.08880542975303987,0.08098481112779626,0.03274607764724743,0.13197203775817942,0.09413520958580279,1.0,0.704021579762822,0.7399508865153128,0.22184556411293668,0.37359648322971534,0.23736041071613997,0.6134394027278389,0.5505927320114427,0.10435022898556909,0.169062866221377,0.14240894015759598,0.08989096237068658,0.12095239993460044,0.1022837123536229,0.16194695781931823,0.10223890922976657,-0.07461112641431131,0.024216886245670186,-0.008300608595298773,0.11215230360508062,0.11689944748214753,0.08890960237167032,0.049171979576833495,-0.02780010228232721,0.04819944798861595,0.01637699675912064,0.030610043451217817,0.006977021382293592,0.04962707458154144,0.030720311055969247,0.012704280162856952,0.05636267085979444
C5 GM left intermediate zone,0.01709142881057974,0.019956520306190943,0.02464186864254447,-0.08780392105520719,-0.0866395555470331,-0.09930413496109493,-0.040633464525744636,-0.1207158254169201,0.040590618426531236,-0.0028054478444873797,0.02382557756436424,0.04557889387187861,0.05725549357659609,-0.04034998254319645,-0.07605161693811854,0.12232289850363694,0.0303968974677021,-0.03590552069904165,-0.046991783838413105,-0.08032250793681303,0.07505419206380268,-0.056096452134810994,0.009506828822823934,-0.021429889835570353,-0.08550288220286344,-0.05466533276376994,0.01428185405160519,-0.04887753918287755,0.032635758299068014,-0.05665886520278688,-0.08316373109278513,-0.13377218491447232,-0.002498020292734368,-0.04672981477716516,-0.031921550166150274,-0.03892585571523207,-0.0585437788163901,-0.06628181787979401,-0.14498355477386987,-0.013627698323486164,-0.01970307648038489,-0.02971253201596493,-0.003979262164191223,0.01746657284892736,-0.06175102685295003,0.04154799173229034,-0.03589145103752386,-0.056198898024951975,-0.02384908558911009,-0.01179338993479586,-0.0073882418893253254,0.0054770873609223695,-0.06326330359768445,0.009144971012143474,0.06224681241192493,0.10936232778959869,0.058540029812871826,-0.034625396809720085,-0.02520879109436161,-0.0660081772038043,-0.007749580022207987,0.07001086112062692,0.21435432954890174,0.20251982171843244,0.2064966360761402,0.1870250614460134,0.1724366012089887,0.14624265814022328,0.20118687925026443,0.19595850675440338,0.1426750001784599,0.10211012583841975,0.09522969262553972,0.11743497505122559,0.09516424026121068,0.04552294857508225,0.1348711979067776,0.0658291830478857,0.704021579762822,1.0,0.8038093397106888,0.24538644759928308,0.5847923989593025,0.40080340689594296,0.543167790637059,0.6901523266264163,0.07286495863511003,0.15139899089750122,0.12542056625796233,0.07584380583320949,0.1301779197315151,0.11467838588711432,0.17251412308902317,0.10880706331854864,-0.014859598187702775,0.02693455860530873,-0.016208040802778004,0.07046412236088291,0.06950955119516188,0.0842431855703923,0.04993594096741745,-0.031614718832654466,-0.013797462499139095,0.015505033698618392,0.027064991579355168,-0.023466150551804645,0.05361636236342906,0.044055373311215604,-0.004279397381946128,0.058638974186877274
C5 GM left ventral horn,0.010597532198536899,-0.039718735995727616,0.016000585674785326,-0.10762269958257896,-0.09657355451860546,-0.063967662833883,-0.04086383600368904,-0.13192115073190594,0.027176517343761187,0.0020642591122147194,-0.015379158803266433,0.010903393783140456,0.07042178167031822,-0.05186000653867483,-0.06002825380521302,0.05546489249782175,0.019371630700079814,-0.06396479836953263,-0.01478504570380229,-0.09437201659336537,0.11875244300896497,-0.09624291581663495,-0.022517106974669587,-0.004047060768904997,-0.11121259615105669,-0.07840161809488629,-0.03902472847631733,-0.08064964181029324,-0.00246316489507672,-0.07858139265156584,-0.07652879034627143,-0.108264807547073,-0.0008775629937832562,-0.07039205623778717,-0.035898158745280774,-0.024936688737173588,-0.08166036662409919,-0.08798434719776922,-0.15464821411910173,-0.005483027837085621,-0.02661476289831993,-0.060480863316725114,-0.046092879709640294,-0.021289627764383572,-0.058642445656403704,0.021701819571635764,-0.053734775802820274,-0.05957605204489215,0.009667039595691365,-0.03477161597113914,-0.018954315846016465,-0.024598236228917356,-0.045585491510403676,0.007899676683636826,0.0417031479891589,0.0947349502638872,0.049476720917043984,-0.06197818225401913,-0.06381026366919648,-0.10122550731162469,-0.03342200426480088,0.06806082694601157,0.13807297794001253,0.12871214959638447,0.128838374297895,0.12329136711208526,0.119234497680853,0.10433411731868329,0.14135056144560973,0.1436149851825943,0.14238158229924305,0.0941355909378229,0.11795495207710081,0.11912849788035373,0.09134380133899533,0.06013948649936943,0.15612621052732248,0.09838583775563318,0.7399508865153128,0.8038093397106888,1.0,0.13812035019540564,0.44981842894387297,0.3552809205928895,0.5623479591140849,0.7329894307890543,0.06696158595185435,0.11567012955246,0.11110990413703344,0.06801540138951574,0.09848315921349912,0.07582120732576382,0.10843044831014731,0.0737695501212289,-0.012835605469880735,0.023617251758292858,-0.03188144014495661,0.09229662063316378,0.0881805544089642,0.0675229910383207,0.030069448710919565,-0.04752640062234633,0.05011537484264886,-0.02536848542999715,0.012591273563045981,-0.03287127377477363,0.009447686881604042,0.026181654946622886,-0.005960513560786358,0.018527827457006398
C5 GM right dorsal horn,-0.0723832990585536,-0.049814217856088104,0.004350826721133132,-0.1542358854119169,-0.11115061558073404,-0.09813474722695735,-0.09547116823533007,-0.0993493916604872,-0.09879627954174924,-0.08918356983088829,-0.03712604726957216,-0.03562121792964624,0.028879518254063617,-0.03572634316785464,-0.08431499178033383,0.01904839956902862,0.0012635830315334822,-0.08629754203168742,0.012035337000811603,0.042983680079027836,0.025269970764059322,-0.04675963879666976,-0.053274351875576595,-0.10217179845380048,0.035651843032592466,-0.041335537001826565,-0.09026007950456966,-0.08781952380707658,0.027165694008615824,-0.12399561804723377,-0.056447472811443224,-0.09163423610949858,-0.08289068594359689,-0.009524840841596466,-0.027420243546030953,-0.07413793493300977,0.010386310413670484,-0.08412337542087195,-0.06990960680660423,-0.02404454326085211,-0.07472400304586722,0.04455803459854761,-0.08260776534865226,-0.10327019869690121,-0.002665484715708164,-0.002877294680103124,-0.15753054396401311,-0.10376097945955005,-0.05157053829831941,0.019356049218932844,-0.08563941375353305,-0.051826139097766497,-0.07097904122244064,-0.03604160787289807,-0.10647121573561022,-0.044657969357629244,-2.4684848112314193e-05,-0.07324996581313936,-0.055414876486328535,-0.03606093543948724,-0.05587406715889027,-0.04210728996544498,0.15012853862704717,0.1629362301455659,0.11820518976219538,0.14383352995709903,0.14952459383763309,0.09963997551735816,0.1376819516834241,0.09938194543538421,0.08012484701591734,0.12797353131724226,0.1170768670898132,0.16930862724118728,0.14633450508338924,0.12050929702279299,0.14224788532618007,0.11546204276938356,0.22184556411293668,0.24538644759928308,0.13812035019540564,1.0,0.7176621271307354,0.6266250343260742,0.599710711498761,0.397515214562481,0.1309980644642184,0.18314792997973625,0.13223619096853978,0.25003398491850637,0.249637142592624,0.2011483809679424,0.20275797010177452,0.15998386137729662,-0.12289506322949517,-0.012358414325847765,-0.016968486158738444,-0.05159429499806609,-0.0008775796635790763,-0.03389784865150538,-0.10323263967498944,-0.1136424757753442,0.061153481347232176,0.04543223803165636,0.024567062824662887,-0.100607983223426,-0.018087629854088474,-0.055759857406129404,-0.04388576858386076,0.024658677330992126
C5 GM right intermediate zone,-0.03761067733757489,0.021289907217600768,0.06811003693124598,-0.12701341830710172,-0.059401793274322004,-0.13881828049448613,-0.07199758759096866,-0.07185574849165949,-0.035466330516428536,-0.05712942838976933,0.04363835546258331,0.026372465524495972,0.020707819157414365,0.00028753822691580873,-0.08137038584307522,0.09228174033683419,0.06503590919785242,-0.04106670845688445,-0.005394443027534045,0.04133011858470331,0.06812054217978379,-0.00047790109428825903,-0.011198391026968374,-0.06365772415020252,0.05758370671900783,0.011029461453924236,-0.0748408482753246,-0.05455932557652437,0.0731365380937638,-0.08924674677468422,-0.07924572621383659,-0.1132961509935268,-0.01220015116344694,0.01692812864399995,-0.011541952345887618,-0.06723312226923386,0.019059495518956936,-0.06680757336869388,-0.12106598777860055,-0.004188667287353655,-0.04932753445911357,0.06508795359060525,-0.04122912042092554,-0.02520054838493005,-0.029686857293674256,0.025807055393298525,-0.1143978691014282,-0.08335795836679039,-0.06044107030430302,0.012525067175938556,-0.07344048417146987,0.0013736262438334972,-0.07855811104096026,0.008616480806141961,-0.044887657944504694,-0.013805500808433766,0.014703747659736963,-0.04236473740205258,0.006395975537701544,-0.021295789610428887,-0.024188012097841268,-0.0016755540968217968,0.1528775684831347,0.15078150463360948,0.11714078727235182,0.12895268374195754,0.14666204144099776,0.10919552083302927,0.13897816723465226,0.13137407748233101,0.07877560261175331,0.10849338585772882,0.11798142625189831,0.15918838476977426,0.14670119827805975,0.13010786915350095,0.15102516385285697,0.13820897881050084,0.37359648322971534,0.5847923989593025,0.44981842894387297,0.7176621271307354,1.0,0.8577611769192485,0.6124002381031579,0.6891349218670704,0.022631930098232663,0.10361799022546123,0.05539940104460537,0.1858388704116578,0.20488154000288616,0.15539991381777762,0.11802093461874627,0.09634593273054723,-0.05853022088083351,-0.001360960903884907,-0.024094272124436992,0.0062195139903284055,-0.004770251189068559,-0.013583255732886155,-0.05433073183251339,-0.1137309669419702,0.04419219665556547,0.01998331863914195,0.022407947024640176,-0.1136745378576747,-0.03792386214825354,-0.06323793219810898,-0.04278628199531183,0.00879571200071146
C5 GM right ventral horn,-0.05484329691525959,0.0036275756975936717,0.06855029814406294,-0.13302725164711998,-0.03697820634218924,-0.1414752309492851,-0.06637076129192808,-0.05935520056418442,-0.05531346077605523,-0.05457297783360283,0.04127332493994195,0.006332076773218058,-0.012773471587451676,-0.009020321737430354,-0.08500590202652683,0.04159706684659902,0.05989448596796935,-0.04437620822518347,-0.0015714764581723673,0.0557668981050749,0.05663997771535219,0.0009512623369270891,-0.034423862060794466,-0.07557894291144787,0.07716739802133593,0.0226806641502168,-0.1172347364864528,-0.060890251109494475,0.04797320157848323,-0.10745828154122154,-0.08012036332208286,-0.09899190243412978,0.004914127102364945,0.03816678675354432,0.0029815523089131886,-0.06919094559426771,0.043828312961092894,-0.0592641742218797,-0.11081068007216872,-0.021122949861151315,-0.050392735116433926,0.0700020522562188,-0.04538783271922712,-0.02592667861243757,-0.03293287726016992,-0.005397424827849309,-0.11522476108324153,-0.07596359979098186,-0.06006649141358318,-0.015226768915063409,-0.08318193460162326,-0.025872223003444602,-0.07520397464871852,0.00010780115126939876,-0.07313632416313234,-0.07351470706077264,-0.0014338480015921732,-0.06467210958907109,0.026330982532433808,-0.025659451507975817,-0.039543320430775165,-0.016841976351134158,0.07398723466401064,0.07010554277655419,0.022407491580771665,0.06424329073483616,0.08722870620873167,0.05380775972470924,0.07060306713482227,0.07251884581850206,0.06639450284549475,0.09804685253869533,0.12898961589412544,0.14873813899930605,0.14717762510249804,0.15666290080515438,0.16038100040135284,0.16747872627439683,0.23736041071613997,0.40080340689594296,0.3552809205928895,0.6266250343260742,0.8577611769192485,1.0,0.5739690545672534,0.6673731007873497,-0.017689683175100255,0.03775655451367416,-0.013946047838152682,0.15892842493904544,0.16147744228035588,0.12286305768096549,0.06284359020633408,0.05946544482887015,-0.05665870422066933,-0.020734813647042844,-0.033923677782075556,-0.004324689741210865,-0.04104754958624099,-0.05013317118071413,-0.09378457091571936,-0.13318503158147077,0.08378093383342351,-0.002345872520442937,0.022892848846509738,-0.12555105001778133,-0.08425397762827823,-0.10019328563527204,-0.047501204742358756,-0.02006660356203789
C5 WM ascending,-0.06898342217003829,-0.06916336799944398,0.0019617329973210212,-0.22448108748197712,-0.15131429475266495,-0.16240505069300984,-0.13618628128129412,-0.20035088142393626,-0.10952544280144948,-0.11465278789759295,-0.037156432531146664,-0.020316866171486786,0.06750285449458322,-0.045820804438939926,-0.08911364147419024,0.0368889050679698,0.007244658510585494,-0.09583283429165709,-0.05369830622066643,-0.0438957053714605,0.039072981884159766,-0.12236723134560541,-0.04651797029872074,-0.13807046596696132,-0.06501558818114948,-0.09152623206900547,-0.12680018408245425,-0.11364738940881303,-0.047152348543604436,-0.17145653966462288,-0.09432612844123588,-0.12118443311842238,-0.053514227441551335,-0.021500754162288013,-0.024766091624519707,-0.1215804859057783,-0.0635319581127249,-0.184504311183101,-0.23956570007182715,-0.09739372806048487,-0.0809451016019101,-0.04816507276747188,-0.13861837497750576,-0.11337421740770234,-0.07511156235516389,-0.011300540077984356,-0.12095846948085182,-0.11573368181394172,-0.029825155406557956,-0.05100408017452291,-0.02620884530783515,-0.10178123661292512,-0.09680021211585388,-0.055471732664704475,-0.09812773070718568,-0.06795663473382807,0.021769756666783897,-0.11426390840978362,-0.06110434945600748,-0.09837844310869379,-0.09451899785938118,-0.0009295944265918558,0.14323205425347643,0.09417761680571825,0.08064377973056304,0.09298244134186237,0.06854088597562069,0.022558599004798396,0.11187051891563013,0.0695522374643926,0.16775318702010866,0.1844293595154047,0.21136315645034048,0.1863263591276476,0.15608104810293338,0.12008926440079187,0.22581230810287264,0.16429120830125857,0.6134394027278389,0.543167790637059,0.5623479591140849,0.599710711498761,0.6124002381031579,0.5739690545672534,1.0,0.6584717610230509,0.14080222337118808,0.16665931508670873,0.08589342207135198,0.14226416089357746,0.16731106401396786,0.1200338102259568,0.20960428465891234,0.1002172335378345,-0.09220650328905436,0.00313700146605161,-0.03342144594170826,0.009175104724139713,0.06271382977335221,0.041373661043340636,-0.06659786098275748,-0.10660298994361803,0.11165946358565634,0.008033479346922086,0.07328179859144258,-0.11082354271171936,-0.06273634714659546,-0.05927759303538624,-0.02263572397416084,0.023456472892057153
C5 WM descending,-0.043439405845164675,-0.02606196372738212,0.07491539450223074,-0.13410484557968164,-0.07389273584808731,-0.1175279456739429,-0.07585389994893613,-0.09046301932802939,-0.005715351924369008,-0.016438850820748516,0.025240638806187564,-7.002374058340305e-05,0.06867602581940829,0.003249406106337994,-0.03751602744869155,0.11451160444961304,0.08296466730354887,-0.023932706411854746,-0.005177426370004138,0.032295855232928036,0.13173872371653855,-0.029206437907940006,-0.004767364544629282,-0.01677070463714569,0.0011547677645870383,0.003950772624961322,-0.06688262780144276,-0.07407009148793084,0.04200485637039034,-0.09225655966080085,-0.10594484536013467,-0.12338230621367824,-0.026178984549875727,-0.00410417088440792,-0.039694749731627246,-0.04999141009243031,0.001290151894372571,-0.10270948002238788,-0.15109203267256083,-0.02603647372625589,-0.036302288856707395,0.028319996078170484,-0.05814844818380424,-0.03912918222404828,-0.040293399282698636,0.043803938829511446,-0.12388109360510378,-0.10237477496360513,-0.002912023220429687,-0.009423415349070038,-0.06250055980605078,0.012338801456408685,-0.06410521909898598,0.046663044370751756,-0.008621998545900608,0.018520377155542365,0.016576969970477452,-0.052323855527897256,-0.01568359555953784,-0.011316691704435203,0.010539184846532896,0.11595761438803612,0.11010300268509665,0.08197873277053683,0.07893952588776637,0.06742719739051437,0.07565139671824923,0.0638544957434279,0.09131109312428408,0.09884644149593112,0.1573962360503303,0.12460656746647045,0.15190113053156018,0.14705901892136677,0.13618381566731233,0.12071424733802374,0.18953552830257545,0.15030464137371932,0.5505927320114427,0.6901523266264163,0.7329894307890543,0.397515214562481,0.6891349218670704,0.6673731007873497,0.6584717610230509,1.0,-0.0016783662425288004,0.052016146787948796,-0.01776308757730016,0.08568945236551073,0.12017463098598731,0.08047545623546004,0.06361328440541392,0.055968892146266776,-0.0490427100404121,-0.04106155947597567,-0.09326814317601967,0.0017498616271822366,0.0038576290055986387,-0.018924183541133007,-0.06745399073695425,-0.1282670567827091,0.11179639554247939,0.011119593024717211,0.07785246240307665,-0.10109271343744212,-0.05530613076106289,-0.045021789545398774,-0.015361116994410626,0.02953820887139962
C6 GM left dorsal horn,-0.11629545981026909,-0.05711763045343009,-0.1854030272029253,-0.08168980462861608,-0.05380432776252293,0.011899196289376237,-0.09268432693951292,-0.09757149441888964,-0.014484953268110574,-0.10872314475804244,-0.13792936896811178,-0.046537381027117616,0.0463085676126002,-0.04808727767646309,-0.1714052991245714,-0.10691838364544999,-0.11225356647825052,-0.13473737293537136,-0.10148402570234501,-0.12357465803524217,-0.13902453357118297,-0.12120433710521733,-0.11774911042719893,-0.10470967752758034,-0.17963948876682106,-0.15398003773702693,0.018323397284984992,-0.07551516459595063,-0.13118027464026696,-0.14557464124314567,0.0075596589457752605,-0.051255144446253606,-0.06549115459075107,-0.09956387007248993,-0.014948182557177767,-0.13907135713819146,-0.1427658668187964,-0.1426886380466099,-0.06574737608200555,-0.09130886371191303,-0.002685047823251692,-0.12696059925709496,-0.028171571568522423,-0.07446153767134528,-0.11701053603345761,-0.03823218317609402,-0.023565114602438483,-0.06822428262512838,-0.037459264962150914,-0.08657046910987047,-0.0031850997502089313,-0.04861968179433236,-0.004301368535800391,-0.08506186305963163,-0.10000553890422458,-0.0637665416602207,-0.013000952070388152,-0.08421550404585583,-0.14785588818033074,-0.12389872017157666,-0.05400788033779455,-0.04116806924781327,0.13640758009548742,0.18226092379601636,0.15071028741654469,0.20272239274999118,0.22148171354162657,0.20802351303565547,0.21346324634625335,0.18475369536535266,0.15982204081393897,0.20101988811297947,0.18558487861332185,0.21283962969890782,0.17398015135861433,0.1470414372285671,0.23366761989116333,0.1765711223880334,0.10435022898556909,0.07286495863511003,0.06696158595185435,0.1309980644642184,0.022631930098232663,-0.017689683175100255,0.14080222337118808,-0.0016783662425288004,1.0,0.7473771150362956,0.7122122688987569,0.22336573531447848,0.3425642457433043,0.24104745565508415,0.6138169761878217,0.48695422561605334,-0.013080872778136118,0.07154731626726486,0.061521086900352275,-0.07408658064324034,0.02946495695033124,0.01554947288616364,-0.06995548287927171,-0.018834036050713255,-0.05012237078075127,0.0007748007441513139,0.010279475051792625,0.061576636558037336,0.08490590296439024,0.0805283677274691,-0.03805523313499969,0.048054774920621074
C6 GM left intermediate zone,-0.09871109166615458,-0.03368728536521185,-0.15842361774812305,-0.0959441395714152,-0.11865643051343691,-0.06418076024695235,-0.16516477175878622,-0.18565318905151434,-0.03757445488440434,-0.16659399624035562,-0.11709922880576817,-0.051076422785278956,-0.02515441303621346,-0.14150268720681933,-0.19838158712365378,-0.08361472780129686,-0.09971757779536582,-0.13334366167869782,-0.11494662194441253,-0.06701181656527586,-0.13298679304574854,-0.120774683836356,-0.11398808569090647,-0.15030097502176398,-0.08741964668026117,-0.0891754397757765,0.03576963386855734,-0.10248517399551345,-0.07495507763678341,-0.08369583706453139,-0.07292728813686157,-0.12677705175010281,-0.05588930798024755,-0.02027316559078201,-0.06661439003818823,-0.1254402051273569,-0.10819918490247446,-0.14401660147061254,-0.060367824179360395,-0.08994061975093763,-0.026890464987168076,-0.11134390664172625,-0.040233927348004905,-0.040496614686138833,-0.13022737448192662,-0.0012242255370013928,-0.037278074565276494,-0.10739309357759788,-0.020779097062027525,-0.07345489243492652,-0.04892970200812074,-0.01049659965534492,-0.010841394318779916,-0.05329133579926196,-0.08878682092271128,-0.007515524806493981,-0.017801539031116056,-0.06284622303835144,-0.11022483277664982,-0.07502324962571427,-0.05960304306046572,-0.045386563764527786,0.1244481997511796,0.16593784596864924,0.14467570910968,0.18477834105770272,0.18516010143855854,0.1490773464332182,0.18296722512801408,0.1501926083313973,0.20998097837545662,0.1946271139089838,0.1918517218651152,0.19517250310987494,0.15410374392781362,0.09713866786233082,0.22004494226943447,0.15647908961051407,0.169062866221377,0.15139899089750122,0.11567012955246,0.18314792997973625,0.10361799022546123,0.03775655451367416,0.16665931508670873,0.052016146787948796,0.7473771150362956,1.0,0.7721809794173214,0.38658265014149973,0.6343329051469268,0.4651899098336686,0.6272063393988687,0.6652782917590119,-0.05439869392826289,0.07186599647681471,0.0655574369083224,-0.02534817488155875,0.07924043406627959,0.09400328775536647,-0.04593666594651726,0.02761117527422693,-0.06683192578538891,0.05768780547856947,0.03415229623149034,0.038259072885416114,0.12521691650594993,0.10051163679152723,-0.013766057465064947,0.0941563215625435
C6 GM left ventral horn,-0.03151853142966167,-0.01968313578992962,-0.14853341572518014,-0.014353784928940582,-0.03904949287009388,0.007042524377897644,-0.06971800919186516,-0.0791683568576787,0.056496576068101545,-0.09034165962366209,-0.05069150489185305,0.01469130881619105,0.014089997100731796,-0.073316560660198,-0.13351588100200715,-0.09076542859149847,-0.05593480739803622,-0.0703975839009612,-0.09894749999261357,-0.1131239330195892,-0.19498857131399586,-0.08610319054243695,-0.10358823454626531,-0.08304289447791635,-0.1783655441156841,-0.11632807925281763,0.042060117267983116,-0.07038024395513584,-0.11871143041095512,-0.10181909802011244,-0.030347104861701474,-0.09912729220736252,-0.004158285844279948,-0.08768562097468005,-0.04219443423856596,-0.10216833577426082,-0.13176190998493703,-0.08949135500928627,-0.03703005588019225,0.00033185404914341094,0.021814397382585452,-0.05297375855291012,-0.0028673662892061327,0.015199609885715183,-0.12147740788123862,0.062257755810550965,-0.006094963792493657,-0.07484974814881573,-0.017704409245710994,-0.07895220536202949,-0.02772397729738589,0.020286338623495038,0.016366782008646576,-0.047137352514167036,-0.05476792900049885,0.029328679128699815,-0.001075549097973169,-0.04153733161475069,-0.1956402195003931,-0.06652740327997411,-0.04215404403986456,-0.061124357298375905,0.13236682326121785,0.19738467263636686,0.16182922610826447,0.19331603512900972,0.22451597081669342,0.19387720785038204,0.19484495594382412,0.2033095691661719,0.18838848970252617,0.15493870891944678,0.1414845017198693,0.1495182927850298,0.09296471530121012,0.0281804174850192,0.17156940482099722,0.10302171091498435,0.14240894015759598,0.12542056625796233,0.11110990413703344,0.13223619096853978,0.05539940104460537,-0.013946047838152682,0.08589342207135198,-0.01776308757730016,0.7122122688987569,0.7721809794173214,1.0,0.25690725554657207,0.4184698139273937,0.3910989737977702,0.6258046976348492,0.6844895863156006,-0.044470658714591695,0.1554385345415262,0.19100323638823502,-0.017337985647894943,0.10448454277110186,0.10762752662441584,0.00032927046848990165,0.08206185871909408,-0.04114673932499672,0.047333627159612014,0.021346392050641688,0.01558038399452758,0.09378158467249606,0.04866298824590868,-0.04573290428323727,0.04891538957301642
C6 GM right dorsal horn,-0.06763603329224004,-0.03246448524583051,-0.12234833184030108,-0.07812150063521717,-0.06155963283930303,-0.12831477180895276,-0.09946527454397015,-0.15582103746367792,-0.09972181895891485,-0.07950529760145363,-0.08701066987233416,-0.05573214838186614,0.08595034591657719,-0.07491674690958497,-0.06261569777135285,-0.08008435289484744,-0.048172986205790407,-0.07461039283205453,-0.006840590577674892,-0.060442108970703,-0.05038098641275166,-0.1501064091912067,-0.16183620065777662,-0.12269665649591394,-0.016373085935329754,-0.06088350109790604,-0.05537070263177201,-0.16692124467337113,-0.12079629134230199,-0.0952045307163213,-0.06506990876431161,-0.07055811352527046,-0.06026656231267157,-0.013892541293116598,-0.06517456934880911,-0.04376764713468795,-0.048994588619923105,-0.04892387578241788,-0.007075915954068624,0.02448096510543792,-0.05343744180526198,-0.0690828516676563,0.014284166994529961,-0.02787595722146064,-0.011035478283267695,-0.028345336037732653,-0.02843733326322759,-0.07782482039559104,-0.01876748164457329,-0.10043294993165831,-0.022219102870044926,0.06806385534495181,-0.06987853926587712,-0.022334747476226477,-0.048680536932130404,0.012870964312976841,-0.11675285949598525,-0.16769574642746185,-0.127284630794136,-0.02990057737990478,-0.08686095418371824,-0.05357414074534228,0.04203517973904527,0.07251982019901922,0.04383922707636167,0.118177659711247,0.0913993637688598,0.04123435981372163,0.07284656353745676,0.021885662280954045,0.04977693327292796,0.10049665398147595,0.11526569178774529,0.08322425179147802,0.10545412799880603,0.08034194636694522,0.07337655937972319,0.13026513029739686,0.08989096237068658,0.07584380583320949,0.06801540138951574,0.25003398491850637,0.1858388704116578,0.15892842493904544,0.14226416089357746,0.08568945236551073,0.22336573531447848,0.38658265014149973,0.25690725554657207,1.0,0.775627835305919,0.7209995637595185,0.5850093196179168,0.5168984057295449,0.038851649601588115,0.1257141196975568,0.13922189304644753,-0.06369112303834322,0.04226222191463737,0.03502894549184646,-0.012463778629450866,0.008253012255903873,-0.038211310536081906,-0.007863807526617507,-0.0822634081298886,-0.06164669924280839,-0.013623054398135537,-0.052052584497645556,-0.10373077216134743,-0.0598185486199674
C6 GM right intermediate zone,-0.059624598017496706,-0.019735228604310123,-0.11849973155548003,-0.10811017475791458,-0.10073206067158971,-0.1564760901710943,-0.1693784910342655,-0.20352213073502765,-0.11095169788551804,-0.15323996185062702,-0.09797514286331142,-0.08923140129214129,0.01971973992358253,-0.13724710844285706,-0.1297350726980865,-0.058174828655377174,-0.09016355204411984,-0.10219375441195291,-0.07171561857719232,-0.012746015080327142,-0.08098106628016022,-0.13308857537204105,-0.11389414540766868,-0.1367515628731651,0.02141925554302269,-0.02271927147113885,-0.03233952200118034,-0.13901104402996273,-0.05411500421478194,-0.07231257115033851,-0.12091734974764029,-0.13650318464773198,-0.05804755384960848,0.03305599196861422,-0.06244516035534163,-0.07032149360106243,-0.033944303106500345,-0.09753867601118327,-0.0603634492260081,-0.008368948367062343,-0.0316532016843142,-0.07837610846655188,-0.0029767053211663124,-0.021724321694487996,-0.06608106835695501,-0.013985684352007505,-0.021268386292307713,-0.10259767171150949,0.008856029945647414,-0.06472823056331677,-0.04342202582250815,0.011414339692633167,-0.06638937400168027,-0.021964268949913053,-0.09714904254832223,-0.00290987991438842,-0.06708263700070115,-0.11903172120051361,-0.07710174445494772,-0.008450423384382011,-0.06802888931147187,-0.04095239838468905,0.05732661902277179,0.07564753904698965,0.05535100504289117,0.12819136664786293,0.10066896234553986,0.05218214047532544,0.09595061327790393,0.03065277826665264,0.12651602109809537,0.15618851901220196,0.15521033554147765,0.11398973488458387,0.13175364463849185,0.08772120341151965,0.11434372214536093,0.14898217992647728,0.12095239993460044,0.1301779197315151,0.09848315921349912,0.249637142592624,0.20488154000288616,0.16147744228035588,0.16731106401396786,0.12017463098598731,0.3425642457433043,0.6343329051469268,0.4184698139273937,0.775627835305919,1.0,0.8294320326818914,0.6062625800251713,0.6785202530266498,-0.026159498414269986,0.06166392602342783,0.06096155979136199,-0.03176031331202137,0.05591667044104672,0.08285265485906212,-0.03884649288671755,0.024238665531628747,-0.0015391654080745573,0.1187821966265672,0.03892473928104066,-0.03749951334769336,0.09149451311892307,0.02214679795838079,-0.008692790665750478,0.08131722030313465
C6 GM right ventral horn,-0.03794490631153397,-0.017763823689734004,-0.13470008965932337,-0.10922484463958965,-0.08094751505977664,-0.18632852333145503,-0.13890736062934855,-0.19601719693332356,-0.08918761491438958,-0.13192231897905113,-0.07726979649899497,-0.08131085279280646,0.012023930391403913,-0.1639455923380007,-0.0812163359628866,-0.06951568175812047,-0.09261482778232549,-0.05844936241000972,-0.06502032302360694,-0.029703384979693534,-0.1094188059018899,-0.12929027303956322,-0.11673207422763535,-0.12250102145011058,-0.0032832667727513026,-0.012251880909089883,-0.0602338115155412,-0.146760319965599,-0.0865466490054904,-0.10261470724891161,-0.12959557015784773,-0.14295135680557036,-0.07171111549838749,-0.021185622214144547,-0.04698414845451188,-0.06775820910934004,-0.04917119919020319,-0.07204870106576455,-0.08390638966762215,0.03845632612458968,-0.018073143274537632,-0.06119431075219429,0.020590971716877085,0.023455455062080386,-0.05201201732346803,0.006286928647098582,-0.02178739014467024,-0.09943921390499255,0.03628541603829995,-0.08081645691998131,-0.061731772349580584,0.003964820584342934,-0.09286804395007182,-0.021717450476223654,-0.10346418987304554,0.019913189365362675,-0.04638729619062083,-0.1149782025053769,-0.10316634379709345,0.018252117202767405,-0.04022484199843034,-0.023326199504143028,0.05925124547111045,0.09248340468817995,0.06624790997446994,0.1554443090934138,0.12327082321929217,0.07938527071193507,0.11469334003581888,0.05419359523656975,0.10585270619441767,0.14466805031822833,0.1324360280210127,0.08774217224080268,0.11411075793496497,0.07370613728416586,0.08670229656785322,0.1392930498083079,0.1022837123536229,0.11467838588711432,0.07582120732576382,0.2011483809679424,0.15539991381777762,0.12286305768096549,0.1200338102259568,0.08047545623546004,0.24104745565508415,0.4651899098336686,0.3910989737977702,0.7209995637595185,0.8294320326818914,1.0,0.654224684260345,0.7330035916365221,-0.029259682923225314,0.07026744628063931,0.08587659015833599,-0.04794371745263394,0.05157023212071642,0.09091895937743845,-0.02153892987569461,0.03270622105696133,0.0015348587647034805,0.16328446505592586,0.05845110753206086,-0.021989833969996746,0.14054010503847011,0.03314596325419158,-0.010094239752945726,0.12086592438104313
C6 WM ascending,-0.13030772061990875,-0.057778712910503065,-0.2746787503070064,-0.1416831323418026,-0.09107246806859168,-0.15478025196510845,-0.15218228134394932,-0.19047111798454106,-0.07001496534356133,-0.1519134763443735,-0.09786160975710559,-0.08498984681706555,0.04698410582566822,-0.11807018916493812,-0.11964514342341698,-0.1003393159579282,-0.10926585988093192,-0.08947499029818434,-0.11813079114894745,-0.06819559866845211,-0.1891516297305425,-0.15360650074656973,-0.19411542936363993,-0.20883356265167288,-0.13571880298719136,-0.09632136895464043,-0.07478308458955915,-0.15776958438268485,-0.15660071542230172,-0.18715204653470166,-0.10265395229657355,-0.19087274149038438,-0.15848750094205774,-0.15460198251771914,-0.09386610403521947,-0.1678465445832397,-0.16317397504266576,-0.1431573594559021,-0.13014592540625286,-0.030208047405143962,-0.0066818380619659955,-0.1411683109525073,-0.02405374687605947,-0.04457496493660066,-0.09949164944686738,-0.006944250504375789,-0.06348898913661227,-0.136402588529731,-0.00576287027879843,-0.09762759596444401,-0.06770501805479465,-0.027149510617970822,-0.0896434650939635,-0.06144556813802377,-0.14940186300599406,-0.05078616168748823,-0.03959858928350046,-0.08952127849020293,-0.10906539254206682,-0.059993676195286706,-0.07288229343247303,0.014959632053745396,0.11033635416424084,0.19181736521947024,0.15376009296096857,0.23626685765224265,0.2165750622430808,0.16536379733651096,0.1994500155967713,0.1736398005058721,0.145664591973621,0.18903352539897844,0.1615929888512765,0.230324875244995,0.20136355410711007,0.16581252465388907,0.2064464926832305,0.1752409599544585,0.16194695781931823,0.17251412308902317,0.10843044831014731,0.20275797010177452,0.11802093461874627,0.06284359020633408,0.20960428465891234,0.06361328440541392,0.6138169761878217,0.6272063393988687,0.6258046976348492,0.5850093196179168,0.6062625800251713,0.654224684260345,1.0,0.7366524861346683,-0.004718511020332959,0.10934197578325253,0.10829320454369036,-0.07522292567953055,0.07736584591943545,0.10479908852744492,-0.008181495271434573,0.005160432285977686,-0.0768986760600198,0.0490244489535472,0.022864730785525235,0.015448494923114908,0.11405761468648917,0.07088474378375369,-0.042455191177383306,0.09704785610200051
C6 WM descending,-0.07775745203112087,-0.02279284336600879,-0.16369692833269786,-0.08649517087456468,-0.0714658186732838,-0.1228004205517746,-0.1453942090856186,-0.1335385319462402,-0.06591066564777577,-0.1359557044555366,-0.09049154244456506,-0.08619970394293461,0.010980151767155838,-0.11139737485107816,-0.08950287784679434,-0.08305389431914587,-0.08529230104365815,-0.06517479069443684,-0.07241909788691334,-0.014765804743618386,-0.167814214438118,-0.10333648371940142,-0.15653277465043272,-0.15025301146928077,-0.06756672968831105,-0.03390408194213931,-0.009334130394489938,-0.11193605875018603,-0.09221230085356394,-0.10433913354090081,-0.1280784709159236,-0.1761869175503154,-0.06479120511735212,-0.07034063112361219,-0.05632800725097241,-0.11260819146472477,-0.09759453292001974,-0.1113555967994289,-0.07572208244708616,0.008950171966485357,-0.005345360658281755,-0.07418155242220102,-0.010188745569079491,0.006618479069591163,-0.07969311479991026,0.016909276747127354,-0.018754930043497892,-0.11826546544954765,-0.020746509897562566,-0.10849678401014722,-0.06022359987587783,-0.01356233875447232,-0.023812839974930215,-0.002573751140047878,-0.09844647540191337,0.03568225565040874,-0.03250420071675832,-0.06545656140586639,-0.11481027863695704,-0.00806158536789444,0.005823208129001051,0.004304731356153206,0.06436981890958834,0.12987271600435082,0.09619847981273624,0.1694632089598299,0.1545242735950377,0.11407399483523788,0.14680986624359474,0.11666012147067294,0.1525789559740107,0.14183977284304683,0.12049185548204124,0.11002019912563667,0.08770640580644716,0.036186623630691826,0.13593396984008121,0.10633489330180847,0.10223890922976657,0.10880706331854864,0.0737695501212289,0.15998386137729662,0.09634593273054723,0.05946544482887015,0.1002172335378345,0.055968892146266776,0.48695422561605334,0.6652782917590119,0.6844895863156006,0.5168984057295449,0.6785202530266498,0.7330035916365221,0.7366524861346683,1.0,-0.028270577171275135,0.08615212715108808,0.08930985025670968,-0.03522609484371915,0.09041001719059041,0.14511240812399176,-0.011662624323990978,0.08041808445251206,0.0012535561897254234,0.16137733028985504,0.08119434948009906,0.05712791504935488,0.18368821531715523,0.09010260313339839,0.03395771068436964,0.14520987963090384
C7 GM left dorsal horn,0.005883538453134014,0.051623171125285916,-0.0031508514380740433,0.023869696526450802,-0.08099999354321492,0.008802665130917575,-0.03168708723757849,-0.04731862953990318,-0.026117248573570596,-0.04113557229593606,-0.09815649204978685,-0.0495458649530717,-0.051478446919941606,0.046602338264387914,-0.10407650287088675,-0.0004341474943491066,-0.06293602701398661,0.010796014774520933,-0.06405486965653992,0.009188149342499202,-0.011240027463059668,-0.016712790916391863,0.03917483378790802,0.011568081144582342,0.0160240381131443,0.008640805038150968,0.013493819895139024,0.045928589437219704,0.05645366663363395,0.02175178389035503,-0.12363463925474426,-0.017431179497248542,-0.010531973583127891,-0.051799121152993295,-0.07787695210331409,-0.07282957253477218,-0.13153705417105988,-0.038045652863680765,-0.022729317275946622,-0.03764663207096047,0.05111358331393955,-0.09021262197406654,-0.04883219197477389,-0.06036353594713136,0.0058807774641642455,-0.0016970289341925082,0.00999753245593125,0.004180196011291898,0.038405377494779507,0.0006900065210627456,0.04633736627504617,0.01390350037420903,0.07815765410767836,0.07711242820735299,0.05084921907625018,0.049979577019529854,0.007406621200687187,-0.0010479357416606568,0.06534237356839542,-0.05102187030633568,0.021687292603869396,0.02130827533281706,-0.12552355983893634,-0.10763570936809506,-0.13284894996035132,0.02156612395658348,-0.044318539387616165,-0.029019640927089394,-0.05783153762594336,-0.060928523414330235,-0.008620942789275426,0.0390608508481983,0.012068384121311879,0.0649764800264139,0.07362175394809858,0.09018158806304442,0.03772987348443074,0.06924706450119579,-0.07461112641431131,-0.014859598187702775,-0.012835605469880735,-0.12289506322949517,-0.05853022088083351,-0.05665870422066933,-0.09220650328905436,-0.0490427100404121,-0.013080872778136118,-0.05439869392826289,-0.044470658714591695,0.038851649601588115,-0.026159498414269986,-0.029259682923225314,-0.004718511020332959,-0.028270577171275135,1.0,0.6536434113597898,0.5129253889278751,0.13490551331244893,0.17212201067456714,0.0894802213787118,0.4761453930361569,0.36474268579979807,0.04089043847602887,0.040391701155630136,0.03309713756886511,-0.016588006376086338,0.02277504187628545,0.0338680391439118,-0.06435007039244574,0.037869430734927864
C7 GM left intermediate zone,0.05043325046387628,0.0890804859170043,0.03654899829391018,0.07633760419878272,-0.030203042679582372,0.05560095862200602,0.03098184778109199,-0.04737817097263301,0.026800912646330832,-0.0009859748321726439,0.018799194878895302,0.06392396602952978,0.06481124080397652,0.12217499451816137,-0.05291270092902404,0.04809994667959493,0.04963397803719061,0.09368617508956899,-0.03939954277668294,-0.06469143003708479,-0.0803570327631824,-0.004583800411883439,0.0291287472961191,0.03772568579843596,-0.05924161632875209,0.0012673467846450177,0.04056835963964586,-0.010340689405444532,-0.04500217597391797,-0.031178525209217687,-0.032573509960979206,0.050570988539777526,0.10719291073159931,-0.004637684872834002,0.033037906741181546,0.049412980572949135,-0.1139461589050401,-0.027748077246595917,0.0009185551188456641,-0.007716274056381332,0.05361082977860331,-0.03177716865573965,0.06638525796931022,0.022759966785424603,0.052772517017355546,0.08798738032352539,0.09963314391848886,0.08499053602342128,0.0633232140415314,-0.056694204293505995,0.15109673848126384,0.10353019219551929,0.13409148932985682,0.05173359575437888,0.12020598410869478,0.1079803958296936,0.007213476647601317,-0.06712934796075407,-0.09503657435097611,-0.038509205257705,0.008743556579398046,-0.02674987543216416,-0.05286797366083006,0.009556026960518629,-0.024790032937134786,0.0936778987311421,0.05379429979785587,0.045126476815969846,0.014202615034706611,0.028450663899378326,0.05213292640348436,0.05229643820031711,0.05131913896662627,0.07613484804689263,0.03476894084177988,0.02433878208437813,0.06812088316908432,0.06497692768577032,0.024216886245670186,0.02693455860530873,0.023617251758292858,-0.012358414325847765,-0.001360960903884907,-0.020734813647042844,0.00313700146605161,-0.04106155947597567,0.07154731626726486,0.07186599647681471,0.1554385345415262,0.1257141196975568,0.06166392602342783,0.07026744628063931,0.10934197578325253,0.08615212715108808,0.6536434113597898,1.0,0.7828052566112111,0.210374489345645,0.5586523273807131,0.3790695610109612,0.4863374181255064,0.5942565329857759,0.0436376299717941,0.1033817900071079,0.10039108691670626,-0.016376541856822857,0.04752055245014119,0.0019633163598160217,-0.058477479231185465,0.0706427735431776
C7 GM left ventral horn,0.07137813106347013,0.15450298294617928,0.05543156358358128,0.09990453066476357,-0.0020712530240556077,0.05443237336196549,0.08204521855194195,0.007065733782162535,0.0614387904417886,0.0295889306991161,0.059865011015976424,0.10522140197073503,0.10253979895784789,0.19409592341612714,0.006859162221179816,0.05052321012103008,0.07499463627106343,0.1226538134724126,0.02351658938693727,-0.0152888427446196,-0.045595054955280705,0.08196839502040427,0.05868251635042711,0.049805336610692474,0.01960053928372216,0.06306418141216788,0.055835528630496664,0.05874884363869537,-0.004542231839548093,0.020897044976932694,0.02051924284367977,0.10193849246687317,0.10850429410321424,0.013910605792266474,0.09613988999965847,0.08958427411909958,-0.11551973546206251,0.04661467843431497,0.028661835453637267,0.061126337669216865,0.08920058692555255,0.014594082365442932,0.13475381981295742,0.06021022097050489,0.015117930903976715,0.1243214604683874,0.1337514535493373,0.14896147690509506,0.07637983741609561,-0.000846809670571221,0.14208400657568976,0.10916809756088432,0.10125681516771613,0.050052182863536174,0.1521373710275442,0.07838993212857612,-0.00281465514680024,-0.00367992740685404,-0.043875947331074285,0.02152006715000445,0.019207164623110496,-0.008580961739507972,-0.04423769291670691,-0.0035878241800057892,-0.01902562020593402,0.055174797138529554,0.02586612311054132,0.0226430076532351,0.003351066681096512,0.02687379801921611,0.055201689941220974,0.05601802224780452,0.05858373405157058,0.06240485211257771,0.02240497177384115,-0.001627263305958046,0.06480633175410942,0.05911086228681391,-0.008300608595298773,-0.016208040802778004,-0.03188144014495661,-0.016968486158738444,-0.024094272124436992,-0.033923677782075556,-0.03342144594170826,-0.09326814317601967,0.061521086900352275,0.0655574369083224,0.19100323638823502,0.13922189304644753,0.06096155979136199,0.08587659015833599,0.10829320454369036,0.08930985025670968,0.5129253889278751,0.7828052566112111,1.0,0.046784077138429525,0.23003236386885761,0.1800760825113196,0.4014395021014022,0.5809220191907112,-0.011599807813220087,0.06579334034006339,0.08072068116953256,-0.0035582871984407047,0.019084890636075456,-0.013454523401519319,-0.04377125840074697,0.06696683046688516
C7 GM right dorsal horn,-0.0359340948941338,-0.03542614495201945,-0.05520142447302625,-0.06872969969469862,-0.08741489641411973,0.020412881007940434,-0.06903482101117576,-0.09977031713660947,-0.1679750961125675,-0.07002875169718771,-0.055556402212579,-0.13080459477220396,0.014331109878407003,-0.08632210270063911,0.007298885214438378,0.06627233944078825,-0.07497661680165575,-0.12125891571319415,-0.0077529842278881225,-0.07474333107175479,0.005979602900541231,-0.11886344162717678,-0.041213535282861626,-0.04130255063133562,-0.046422345779305096,-0.10957761205560965,-0.0279818618450077,-0.08709417958438538,0.01780693762828415,-0.09319625328748325,-0.02392202144121324,-0.0765460928017613,-0.06129153468675907,-0.11404005884942298,-0.08923779926058874,-0.09281267133380816,-0.14906597248303538,-0.15323023900259788,-0.08447973058747056,-0.13120326331240711,-0.01653756642518964,-0.14542364272274683,-0.09068851578140341,-0.10226587173460014,0.11798430553107127,-0.09818532120399359,0.10041805923319433,-0.010695859206415009,-0.04908864005102391,-0.028274691902205315,0.11004850346972724,-0.015262141103013705,0.058381838197388916,-0.040908253912858544,-0.017677618632624313,-0.018366487489061712,-0.09368647035563622,-0.08750952647004095,0.00868757198163857,-0.15678618372441747,-0.06954625776557437,-0.10232172989552446,0.04411782674301659,0.118676624147971,0.07686334155858555,0.07574722008405424,0.09565867873256796,0.051795844579622025,0.025450295927877748,0.051466868614887425,0.038143461163153695,0.08391358066509216,0.06542197278044422,0.05738815940783621,0.06855121527600741,0.032561906593451824,0.014968983107296075,0.04449071447098727,0.11215230360508062,0.07046412236088291,0.09229662063316378,-0.05159429499806609,0.0062195139903284055,-0.004324689741210865,0.009175104724139713,0.0017498616271822366,-0.07408658064324034,-0.02534817488155875,-0.017337985647894943,-0.06369112303834322,-0.03176031331202137,-0.04794371745263394,-0.07522292567953055,-0.03522609484371915,0.13490551331244893,0.210374489345645,0.046784077138429525,1.0,0.574187227476025,0.5649788846984698,0.628341794351664,0.32573391817074304,0.0588674777113854,0.12650011439526332,0.1112690882289726,0.10975707382345441,0.16127995571020085,0.12435973035880374,0.0676862368414426,0.12334431310189643
C7 GM right intermediate zone,-0.008195334632812553,-0.011758728923132476,-0.021641176273290746,-0.0437565849556373,-0.06031534978447717,0.006673572288105793,-0.05480125106363546,-0.09516431538581827,-0.027188384594899653,-0.055814056668356066,0.05239650954344049,-0.015212589803118449,0.06187826390851205,-0.0221122108452719,-0.005851195553510936,0.08025367641766476,0.04077165684421637,0.028143753082882087,-0.014236854929923383,-0.08111298524094716,-0.048330166800100015,-0.09393585301601298,0.017714994767853532,0.014058934158935436,-0.1373250629988513,-0.09247028518497712,0.03582420191623943,-0.10767943397983902,-0.06760368190828478,-0.09582357707415333,-0.014705665130457285,-0.02199096168477217,0.05005806266977113,-0.02674837596295097,-0.022500038211112586,0.008468154244433342,-0.09768230145095023,-0.12460921334790986,-0.04465986643823692,-0.08346889527839975,0.013045612814232752,-0.04724697773844692,-0.010355450926861565,0.004341645381745999,0.14703424857734204,0.054393356958138156,0.10356280340342408,0.02985778578544784,0.029774310274079466,-0.07451041539030967,0.15208818188045528,0.06573684390152815,0.16464996071465493,-0.013124117782519214,0.045154206394436576,0.09376087834263573,-0.0021267278450323394,-0.09087178997565233,-0.14072787717269716,-0.07801122232962274,-0.032853024919091756,-0.07620906483368521,0.06250911877296061,0.13094241361613546,0.10650581520820107,0.10584136908837707,0.11031856818620202,0.07936973119835092,0.07354997541281783,0.07961138366455,0.09422152684577885,0.08147734932895735,0.07922940795851217,0.0771558169890693,0.045297210477023384,0.025353107020262215,0.07013115443889124,0.05029947510671161,0.11689944748214753,0.06950955119516188,0.0881805544089642,-0.0008775796635790763,-0.004770251189068559,-0.04104754958624099,0.06271382977335221,0.0038576290055986387,0.02946495695033124,0.07924043406627959,0.10448454277110186,0.04226222191463737,0.05591667044104672,0.05157023212071642,0.07736584591943545,0.09041001719059041,0.17212201067456714,0.5586523273807131,0.23003236386885761,0.574187227476025,1.0,0.7760310744869402,0.5482184094525815,0.5303908861368416,0.07031799966493155,0.15898318104514264,0.1494895701321434,0.022209765617679827,0.1247061580889955,0.06241162402791422,0.02361305625847732,0.11086198535736021
C7 GM right ventral horn,0.0026359698699960003,0.004017322845964258,-0.05490548236758526,-0.09080933398827143,-0.06371055875013203,-0.06550354145140093,-0.05370987182802338,-0.06388780902728387,-0.06242699401652325,-0.07892423606664051,0.0757837645444068,-0.061269711284211936,0.01531200597686045,-0.054617296485794366,0.05516600783203616,0.0771538303522553,0.06137441808802892,0.003933846771221997,0.015960590778229405,-0.023022224226848947,0.006020128616515555,-0.018508005599028335,0.03936816487735872,0.04278681819192657,-0.07009562845231422,-0.04228571118316612,0.04540695543263239,-0.04112203847000074,-0.007377144290938318,-0.029357952733346567,-0.004208173594639584,-0.03364478904441749,0.014588340844735087,-0.053699622543303946,-0.011392003990470696,-0.006585427630990232,-0.09233343480234932,-0.08922746536455144,-0.052911426940271226,-0.07052281297241818,0.030076550394462425,-0.07207531229719298,0.030287284988787612,-0.002449048171859163,0.15921474560402785,0.03695386876549629,0.15496940494647887,0.06264985767665615,0.04609686040497141,-0.012191039768768216,0.17278536743495443,0.004155920912910137,0.1699803026221281,-0.02114315895212718,0.061904334537164464,0.09556882196852494,0.009168045018042604,-0.06892336554153909,-0.05404810604013186,-0.05910006305498265,-0.042064684010923135,-0.0587112914216866,0.11209701033827424,0.16608878139287303,0.16862078561738122,0.11357502424683946,0.12130644287353573,0.08970556453198678,0.12304960231529101,0.11540737455155188,0.10863106126225988,0.09553255897848095,0.08711877022127314,0.07368969005307861,0.05473737443801651,0.0220661345858832,0.073327806758619,0.04141510950865911,0.08890960237167032,0.0842431855703923,0.0675229910383207,-0.03389784865150538,-0.013583255732886155,-0.05013317118071413,0.041373661043340636,-0.018924183541133007,0.01554947288616364,0.09400328775536647,0.10762752662441584,0.03502894549184646,0.08285265485906212,0.09091895937743845,0.10479908852744492,0.14511240812399176,0.0894802213787118,0.3790695610109612,0.1800760825113196,0.5649788846984698,0.7760310744869402,1.0,0.5571495199323704,0.6009194472872311,0.05452552316815717,0.1724193002197837,0.1556414696772111,0.04550406975327555,0.15175266120529265,0.0804667837560062,0.0691784661080284,0.1314061286498231
C7 WM ascending,0.014226862782475124,0.04062265012406013,-0.01665114362230128,-0.03726477480389822,-0.06780443272038764,0.017490013405613496,-0.04002662790456199,-0.0643098445256756,-0.05314131015164853,-0.031880687788291506,0.05097983453176093,-0.05563593810287574,0.026660652807795133,-0.010199194025072585,0.018675974415680096,0.10619231878236156,0.01936581995773133,0.02690131803011465,0.0655609808777276,0.023877023093680415,0.06886618390472218,0.012997398172513573,0.09989297685004206,0.057297199804087075,0.03470260293447691,0.0070254740953106165,0.09686783573542875,0.02972878613737968,0.07707930262155455,0.0006340991225810443,-0.05378374154791688,-0.06157997759753901,-0.04643419100664143,-0.10637496173044425,-0.06271464100721283,-0.05037897161624466,-0.18921919894195668,-0.07700295991561028,-0.019373517726939217,-0.06459056041305147,0.07426184196586183,-0.043110772673782626,-0.00365975609844812,-0.018402256536079926,0.17198137637830782,0.0430533707391752,0.1783675631605025,0.09704318272146162,0.044270359254169174,0.039149479684048194,0.1393674959032488,0.061361763248584764,0.12571355388369593,0.03347549368324535,0.09167743937719161,0.07111486142572707,-0.02411444381486184,0.0023638653904400407,0.049254160192600704,-0.03418111293582538,0.0425159208762455,-0.04172689106781852,0.060179473267409314,0.09858439710278004,0.08812561277522579,0.10304046393637267,0.0808885728702862,0.07015988660088404,0.06556463767559154,0.07008696071292933,0.08843901386841946,0.11237395102833857,0.07587047301186432,0.10922846040123729,0.1032488504761852,0.07706075628616889,0.07392793714727222,0.0769436465850376,0.049171979576833495,0.04993594096741745,0.030069448710919565,-0.10323263967498944,-0.05433073183251339,-0.09378457091571936,-0.06659786098275748,-0.06745399073695425,-0.06995548287927171,-0.04593666594651726,0.00032927046848990165,-0.012463778629450866,-0.03884649288671755,-0.02153892987569461,-0.008181495271434573,-0.011662624323990978,0.4761453930361569,0.4863374181255064,0.4014395021014022,0.628341794351664,0.5482184094525815,0.5571495199323704,1.0,0.5929746633507926,0.008084146246056969,0.09631846771431729,0.1083037401533285,0.020940803547799685,0.0883491871569752,0.07065695508412498,0.003655654762337182,0.10036979109349038
C7 WM descending,-0.021928670136531908,0.07433552865140548,-0.03181188849273343,-0.026308373854245136,-0.11830883137692456,-0.019811866385114785,0.011104969358620133,-0.01042332607958419,-0.04081911850304623,-0.003768029868055127,0.02492391191925553,-0.0566535242156671,0.01701069114475602,0.031284145180217056,0.04107531272902506,0.06601084502787316,0.04917492052438016,0.06459252709559037,0.07931170102992356,0.009030807775068461,0.027871913510427244,0.07722579608025858,0.06188870739097269,0.07060572974435388,0.029961023068114344,0.039279597470224546,0.05164551890685052,0.04561485985792789,0.03523613002417007,0.031162001967599127,-0.045063960468495666,0.04544229098700256,0.0030177588873286252,-0.036861388075180634,-0.0076084810233559,-0.0006614796505623288,-0.10478813927423147,0.0027519447538313113,0.016705290401819433,-0.03637520183252153,0.06128801186156439,-0.04306564475225966,0.04349167218090222,0.00931443189049081,0.1496666091758573,0.04549804312103106,0.16357078997644217,0.13341326921480556,0.050959242658399,0.01910671255076386,0.1676158380316049,0.02387747580838569,0.16069642039418525,-0.004875739262915664,0.13207374679788708,0.09280120521115072,-0.01192494494107135,-0.022770934165902444,0.03006043954442909,-0.02892942405492063,-0.026600808226160545,-0.06308639742799506,0.033831511684110395,0.06599934329498973,0.06623478326695727,0.05226981770364329,0.041493082516379724,0.03395480606271501,0.04564004748945749,0.04771344171633126,0.09112467483478963,0.06029177973267807,0.04800929768748286,0.048351548036460607,0.01951039598971741,-0.016193405839839806,0.029564208434895118,0.009411519787612978,-0.02780010228232721,-0.031614718832654466,-0.04752640062234633,-0.1136424757753442,-0.1137309669419702,-0.13318503158147077,-0.10660298994361803,-0.1282670567827091,-0.018834036050713255,0.02761117527422693,0.08206185871909408,0.008253012255903873,0.024238665531628747,0.03270622105696133,0.005160432285977686,0.08041808445251206,0.36474268579979807,0.5942565329857759,0.5809220191907112,0.32573391817074304,0.5303908861368416,0.6009194472872311,0.5929746633507926,1.0,-0.0019495110288317969,0.17521812318747546,0.16100821033298301,0.06093861852296351,0.13060355278472952,0.07402888659571788,0.05877871232516097,0.20936892232212465
C8 GM left dorsal horn,0.08688666851400405,-0.0448794969301577,0.09401629002845191,0.03449183982372753,-0.009219222024659007,-0.04746848310510615,-0.021110310064952852,0.020889085768534855,-0.07177995148785409,-0.047806546099508705,-0.02912129308619284,-0.06556833963581318,0.08717570275154439,0.12001647181504815,-0.004659858444047489,0.004946042203451521,-0.013475711626679538,0.02338658002410058,-0.03846828075123782,-0.06144029368155224,-0.07768501612453305,-0.017616155417069516,-0.015744578907791452,-0.018802430360319776,-0.060992190852688054,0.008084079490682579,-0.09619503717609076,-0.1070697894316686,-0.15333755652803346,-0.07460347683264848,-0.03882596430484849,-0.01002597292222213,0.05594917542827399,0.09120076877754425,0.0167586659085275,0.0035335427768174656,0.08270142480748488,-0.03876470608030873,0.01465658480550297,0.008942667299612544,0.04331271369111485,-0.025857833858770794,-0.07061527910366999,-0.14309836751426172,-0.047828895479709276,0.01823185659768415,-0.04522209777458881,-0.056639049873117964,-0.05465945143433042,-0.10446311415925447,0.01967604647539514,-0.03128799134032176,0.016574836468851505,-0.02537546776388732,-0.05497681934576421,-0.056054448368242936,-0.10467182709734178,-0.03785155362208634,-0.030200592950701145,0.022629714450431087,0.01136722263248068,0.022800511571390666,-0.10177123527735636,-0.08817815613033897,-0.10135455534141932,-0.08211773748566623,-0.08319831391024309,-0.1104911972441849,-0.12668042545869554,-0.08613949067802122,0.08385834347663598,0.07083884839070598,0.09942723269713667,-0.0839323021916047,-0.026062785680460655,-0.018135010616886896,0.038247440910054255,0.05591660847797557,0.04819944798861595,-0.013797462499139095,0.05011537484264886,0.061153481347232176,0.04419219665556547,0.08378093383342351,0.11165946358565634,0.11179639554247939,-0.05012237078075127,-0.06683192578538891,-0.04114673932499672,-0.038211310536081906,-0.0015391654080745573,0.0015348587647034805,-0.0768986760600198,0.0012535561897254234,0.04089043847602887,0.0436376299717941,-0.011599807813220087,0.0588674777113854,0.07031799966493155,0.05452552316815717,0.008084146246056969,-0.0019495110288317969,1.0,0.5450215899835892,0.6303108060105566,-0.04913554015325455,0.010626791967411656,-0.114033834877102,0.47187597701582745,0.24469814363725256
C8 GM left intermediate zone,-0.03989831764096651,-0.07428629384422039,-0.009811726707705939,-0.047550385919783986,-0.09581526187095996,-0.15135567922148396,-0.03847545503660448,0.04885688654914216,-0.08250292231978848,-0.028620707099862818,-0.0984389460353686,-0.1707250673346893,0.01635390290841469,0.07306917141333384,-0.03864064383953269,0.06541408303317917,-0.07574882423839611,-0.002876629025015152,-0.07623543668341802,0.008050370165004086,-0.0927133240865295,0.002794915040310828,-0.031399230817383494,-0.0838298453836087,-0.0040439890217523885,0.02642793792884632,-0.11129367836936213,-0.06693973787890128,-0.05166667902435964,-0.0729519740163048,-0.1542408735624296,-0.1074949508985409,-0.03148616527213059,0.02574827034005005,-0.020978060982757302,-0.02500519077681135,0.015119212280391774,0.009046598649268293,0.05571397386042581,0.06128000683083233,0.17236787763718514,-0.06415146133395899,-0.006625971681619587,-0.07669466348553867,0.007489603136060535,-0.019764417582361124,0.03551774652631038,0.007278966375118236,-0.02299696608904523,-0.03563022024826369,0.04072529912149116,-0.018578709167742263,0.034883940371562214,0.005789947410972161,-0.023210830275630007,0.022081901972130964,-0.08600814728999098,0.012209901652845391,0.11046800218102208,-0.01839333964227947,0.021041299601340203,0.07598621751682649,-0.07818168521970956,-0.06676566653749567,-0.06384125730185218,-0.04174285141517364,-0.06726302939243942,-0.08302811006752943,-0.09038616392940835,-0.07852860381554533,0.044203315312918254,0.040372698099480964,0.045916403845245604,-0.047874283491885244,-0.02019185854354858,-0.034951820402222035,-0.005036422579459105,0.016447307384629798,0.01637699675912064,0.015505033698618392,-0.02536848542999715,0.04543223803165636,0.01998331863914195,-0.002345872520442937,0.008033479346922086,0.011119593024717211,0.0007748007441513139,0.05768780547856947,0.047333627159612014,-0.007863807526617507,0.1187821966265672,0.16328446505592586,0.0490244489535472,0.16137733028985504,0.040391701155630136,0.1033817900071079,0.06579334034006339,0.12650011439526332,0.15898318104514264,0.1724193002197837,0.09631846771431729,0.17521812318747546,0.5450215899835892,1.0,0.7338750050887695,0.1951290016910685,0.5447819903960008,0.2302142975353591,0.5557181658024145,0.6524300689196351
C8 GM left ventral horn,-0.04180895035284996,-0.04304968167451189,-0.006716639582790209,-0.05748995571466285,-0.0973749922510128,-0.16857460338220462,-0.08665372524959908,-0.013219836910529803,-0.06300082708219924,-0.09202751096103927,-0.05759326603076668,-0.08224946325905873,0.040427613645489295,0.12006834416626015,-0.03415357913255902,0.06366866265579582,-0.06923446038200662,0.004123108033668082,-0.07079296993011615,-0.015989207293181224,-0.07205780479678692,0.0032849410200007792,0.01672438754436168,-0.13397191087940605,-0.00608411195367386,0.023445460843553898,-0.09494145695005343,-0.0570800563003886,-0.04508223203059733,-0.09399759664476742,-0.13247761147923037,-0.10471112541975955,-0.035619709117560905,0.05256379531453544,-0.058442347799003785,-0.08376710996230051,0.058498327607727114,-0.05187979722774096,0.01853265261914743,0.02499621253091726,0.0874153302529802,-0.04906115934244994,-0.08741509773812246,-0.11651893238673612,-0.03291712561836484,-0.03282032531624533,0.005995359648201588,-0.060810220899939926,0.00903612405544176,-0.0064760379661338244,-0.007403911795545528,-0.02360806634009183,0.015267493424161697,0.002556960974721919,-0.0662153951146794,-0.028405926453142303,-0.08735407659711204,0.029213293802867305,0.047800665978208916,-0.024926619209000737,-0.03123066796739146,0.10569397574694518,-0.03225020878219168,0.00430964634074133,-0.004018335802606674,-0.00901122262801123,-0.002447707774518531,-0.026772575421125187,-0.03997869958868952,-0.00027590186150224796,0.08190361584390532,0.09413692463445586,0.06768278758943104,-0.004370504397225502,0.040671526625024434,0.02216842560828207,0.027061087572582906,0.0456412869000731,0.030610043451217817,0.027064991579355168,0.012591273563045981,0.024567062824662887,0.022407947024640176,0.022892848846509738,0.07328179859144258,0.07785246240307665,0.010279475051792625,0.03415229623149034,0.021346392050641688,-0.0822634081298886,0.03892473928104066,0.05845110753206086,0.022864730785525235,0.08119434948009906,0.03309713756886511,0.10039108691670626,0.08072068116953256,0.1112690882289726,0.1494895701321434,0.1556414696772111,0.1083037401533285,0.16100821033298301,0.6303108060105566,0.7338750050887695,1.0,-0.0079117476253576,0.2051323938553543,0.0833323287616655,0.48494740220221405,0.5453288917021584
C8 GM right dorsal horn,-0.03983802517045028,0.008171221329668844,-0.06670350747997304,0.04115778752007007,-0.004725347388178234,0.09555487244589009,0.07020812276006767,0.07394545303559705,0.0015807498832897619,0.09455012104636107,-0.06866572621396629,-0.1305777226519384,-0.03903493942903821,-0.02884749983480996,0.05208276632770861,0.005996894059302096,-0.05880562280674654,-0.05788230357926165,2.877132008117866e-05,-0.018548432703085236,-0.0028538317674297927,-0.026086670403291195,-0.0630035881605147,0.02446306449073132,-0.0160756283176276,-0.019331160309049734,-0.08333970681488868,-0.018086794389407135,0.00974774649404366,-0.04451285836823026,-0.020814965555174963,0.004427294993212715,-0.07705057853239487,-0.09793855996873543,0.008537714205105264,0.008128732239266126,-0.15032215503701923,0.04098448445268492,0.07986359540686339,-0.05786397228952763,0.0024717952159767926,-0.0782647879716794,0.025047878099086984,-0.06162019540763116,0.02721507455349361,-0.055315973410110346,-0.034783774976741025,0.018805913425320515,-0.08081070569298249,-0.07833550743187118,0.046957212900073174,-0.04795220091541155,-0.017516791397309397,-0.039820001625909596,-0.05350911722628063,-0.001137359376750926,-0.012753875251692432,-0.09870899778579269,0.07025673842356862,-0.06688144598063461,-0.07216737277436544,-0.017719026171380405,-0.018223483646928988,-0.047353205010712,-0.04727810909926142,-0.05729397140482087,-0.07736217212840217,-0.09438629290684075,-0.06438780575935792,-0.08814692258443238,0.034081600713445716,-0.006228072654248535,-0.0052270672941422385,0.02789603248548904,-0.018445619439809977,-0.008968427168335305,0.03509623206295227,-0.012354435298989368,0.006977021382293592,-0.023466150551804645,-0.03287127377477363,-0.100607983223426,-0.1136745378576747,-0.12555105001778133,-0.11082354271171936,-0.10109271343744212,0.061576636558037336,0.038259072885416114,0.01558038399452758,-0.06164669924280839,-0.03749951334769336,-0.021989833969996746,0.015448494923114908,0.05712791504935488,-0.016588006376086338,-0.016376541856822857,-0.0035582871984407047,0.10975707382345441,0.022209765617679827,0.04550406975327555,0.020940803547799685,0.06093861852296351,-0.04913554015325455,0.1951290016910685,-0.0079117476253576,1.0,0.7343122699512841,0.7119712812645972,0.4640294880047287,0.4201288264297345
C8 GM right intermediate zone,-0.08426576638207074,-0.05402601129985393,-0.0887885757749406,-0.013423926371942091,-0.05565138339969693,-0.02689133780210118,0.029220436898127554,0.06671629076496653,-0.04072646984258771,0.05138754243096156,-0.10304539919390791,-0.19741397515261389,-0.016120848675000805,-0.04776336768625014,-0.02435274651084641,0.030178610969091274,-0.09992225058646244,-0.07881627944716688,-0.06321487087079398,0.004350681799855255,-0.055768255901643665,-0.023840959899363915,-0.05300288300130513,-0.01582319065097739,-0.027081763615811945,-0.042714260671801875,-0.09356905644409813,-0.04552393281886297,-0.009981213988726832,-0.0646013560530846,-0.11293460155434697,-0.0832841515797221,-0.10849213899825007,-0.08541800125579507,-0.039061196399779424,-0.02338002869587361,-0.13803301501070953,0.0370983286545545,0.0724504583586737,0.016420671490318707,0.13872843281930722,-0.09174989289354855,0.022133648872010213,-0.05271067786543648,0.035128096094514845,-0.03384698295801476,0.0010273983960664467,0.030364573886921722,-0.030448990124076415,-0.04243704773779535,0.07109774823062112,-0.0159644879946569,0.016927972707701796,-0.0056485119588509745,-0.05171829019306678,0.04629513379060313,0.004275402513713859,-0.05562746281838629,0.12263084913021487,-0.07957425299362761,-0.03996443537832801,0.018650300596858568,0.0020606855685336833,-0.01758507334685904,-0.0193349407304518,0.008185841882431695,-0.04442047525522513,-0.06969820350655008,-0.02210285269065434,-0.07222394281515154,0.07618222548487778,0.04869444632221166,0.03491586942985112,0.05387635803254505,0.017193756076441098,3.7025657769979684e-05,0.04572397945911722,0.016479047640805745,0.04962707458154144,0.05361636236342906,0.009447686881604042,-0.018087629854088474,-0.03792386214825354,-0.08425397762827823,-0.06273634714659546,-0.05530613076106289,0.08490590296439024,0.12521691650594993,0.09378158467249606,-0.013623054398135537,0.09149451311892307,0.14054010503847011,0.11405761468648917,0.18368821531715523,0.02277504187628545,0.04752055245014119,0.019084890636075456,0.16127995571020085,0.1247061580889955,0.15175266120529265,0.0883491871569752,0.13060355278472952,0.010626791967411656,0.5447819903960008,0.2051323938553543,0.7343122699512841,1.0,0.7863716325430227,0.4892701560383679,0.6806418448418458
C8 GM right ventral horn,-0.12164875946983543,-0.06869642006824536,-0.09467049785288723,-0.02434959168351273,-0.0758677003571234,-0.014359645694884885,-0.0026945208384218104,0.023869013352335877,-0.0393467541230802,0.0062194632631524995,-0.08727001901296658,-0.17300118660810437,-0.006724770786208611,-0.06131260926167668,-0.06576893039680706,0.005242557554773284,-0.09837043927947928,-0.10191261660485645,-0.0793671051455096,0.01641588735380415,-0.03322338864038773,-0.034862302980256464,-0.03849042039799062,-0.02558979990033729,-0.011667950319689233,-0.07438596883629074,-0.06452654068779796,-0.0500620159808748,-0.019901534938703187,-0.04477629928843244,-0.11135759705642939,-0.06825831034583583,-0.15703536503787288,-0.06929004712897618,-0.07511023174893759,-0.08317498092569728,-0.12753548064844186,-0.018702407658026766,0.04227318712099139,-0.03744508839148224,0.05842355868827652,-0.07757349119826114,-0.06297000243452482,-0.09771312801147576,-0.01938859280559058,-0.022594962327896626,-0.06181877190996105,-0.032493640863989155,-0.018485185375746747,-0.04461305269116134,0.04196241372576922,0.00580739998830425,0.002982446513059297,-0.005768178567523918,-0.08987548183451492,0.03544808449211908,0.019239910115028028,-0.04129394708270705,0.08789470828208325,-0.08611934103939416,-0.09343675269198591,-0.0020025511967176764,0.00839573473865591,-0.011745653704279933,-0.01739536521892138,-0.020241053096319392,-0.05885849195603866,-0.085350645240455,-0.029624404095184315,-0.07573677240417352,0.10107412968385011,0.07071822407042336,0.03218618858754353,0.10293947875095738,0.05381138485569196,0.038754834466206235,0.07532001648189808,0.02468397057189809,0.030720311055969247,0.044055373311215604,0.026181654946622886,-0.055759857406129404,-0.06323793219810898,-0.10019328563527204,-0.05927759303538624,-0.045021789545398774,0.0805283677274691,0.10051163679152723,0.04866298824590868,-0.052052584497645556,0.02214679795838079,0.03314596325419158,0.07088474378375369,0.09010260313339839,0.0338680391439118,0.0019633163598160217,-0.013454523401519319,0.12435973035880374,0.06241162402791422,0.0804667837560062,0.07065695508412498,0.07402888659571788,-0.114033834877102,0.2302142975353591,0.0833323287616655,0.7119712812645972,0.7863716325430227,1.0,0.4277863648061142,0.6259959745838463
C8 WM ascending,-0.013251411950297588,-0.06849828555155735,-0.04323354653367469,-0.04108255765375754,-0.11336695428125437,-0.06014261668515294,-0.01070004852414649,-0.007618883618811269,-0.09780068307784619,-0.039227540342120545,-0.07857357287585266,-0.16608711443449478,-0.009720333873681455,0.000836973291101005,0.019219458626170135,0.018286602415664353,-0.02272496418457831,-0.020635158935095668,-0.09381195646371572,-0.04517540050372791,-0.06562016339716611,-0.07918227328260499,-0.060987458970464536,-0.033866065093132995,-0.02819366534074202,0.026511479254158567,-0.09508289768726465,-0.0756141782842454,-0.08838059967575704,-0.014959696148022571,-0.06629700720540548,-0.03859696627259548,-0.05588962512347975,-0.021220255945135442,-0.01571020427563521,-0.06081007259883201,-0.01277767056647637,-0.02202632753891619,0.008737075079413952,-0.04035662615381748,0.06867427599038371,-0.099048840436621,-0.04837125201056129,-0.15748361782508713,-0.09227852609188517,-0.029401078353476558,-0.028947008140956673,-0.06298768531059747,-0.04359195063194307,-0.10820920089480185,0.028725106007555807,-0.01611107432465113,0.028427736053832538,0.019541434514810913,-0.03476391122528501,0.04370620309540933,-0.03241190645398071,0.009479607283806245,0.07925789596861466,-0.0017484083735975569,-0.013044117155302043,0.10590205150899488,-0.08658274477192705,-0.0944158490285783,-0.09568394608607768,-0.13479374374056521,-0.12466399375794476,-0.13845766529201223,-0.1492244623536812,-0.12324877031850094,0.021072409528182966,0.025340120517925363,0.024488343411322493,0.0034063798523606965,0.01156737652369967,0.017706735693076816,0.005140233845578548,0.008894017981401603,0.012704280162856952,-0.004279397381946128,-0.005960513560786358,-0.04388576858386076,-0.04278628199531183,-0.047501204742358756,-0.02263572397416084,-0.015361116994410626,-0.03805523313499969,-0.013766057465064947,-0.04573290428323727,-0.10373077216134743,-0.008692790665750478,-0.010094239752945726,-0.042455191177383306,0.03395771068436964,-0.06435007039244574,-0.058477479231185465,-0.04377125840074697,0.0676862368414426,0.02361305625847732,0.0691784661080284,0.003655654762337182,0.05877871232516097,0.47187597701582745,0.5557181658024145,0.48494740220221405,0.4640294880047287,0.4892701560383679,0.4277863648061142,1.0,0.6016990433883661
C8 WM descending,-0.14823399634602402,-0.07614920477625134,-0.06831077780610499,-0.0382439728487687,-0.14197634393533434,-0.16209804810291542,-0.07523702265745298,-0.013757032069112763,-0.09713519321991858,-0.04690336598090242,-0.11158503278669848,-0.19995404759311128,-0.007606043547181494,-0.020114550445963282,-0.0845466894294361,0.03170638771267145,-0.11813360119439062,-0.06866417323744446,-0.1426211691095804,0.021422605865143964,-0.10628661150950394,-0.038687035520083464,-0.0491146257844125,-0.10952088314009907,-0.02993245892924817,-0.04500263879737668,-0.12918228078380295,-0.1104265597283192,-0.08800737085945184,-0.06878372778366248,-0.1767598619219901,-0.13333749198251785,-0.1405491119122933,-0.02626644243049296,-0.04436452701607446,-0.09499239360497164,-0.03778050347458969,-0.05018557156864344,-0.012560918544247405,-0.02387896040721382,0.1292490980611659,-0.10251649397998623,-0.07876527025228983,-0.13776808382680142,-0.05699026420506371,-0.0263907808249504,-0.08060113558039601,-0.0722802735891762,0.02814430519578652,-0.05540311814956316,0.03204750217816771,-0.013048427726102698,-0.009241661190982848,-0.0034110696085662396,-0.09943663077149958,0.015037273120308526,-0.011456231451723897,0.025729670658346193,0.11084531032670644,-0.07814419230516098,-0.07155432216944028,0.033492217568397945,-0.09763187276342912,-0.07584933275300099,-0.0913161829350184,-0.08969649046181702,-0.11458147023891173,-0.14990671529800315,-0.1300914237465091,-0.1376022911203935,0.045274221139769165,0.04017019334275554,0.029787970148081613,0.011033298183691094,0.003794620340373028,-0.008535456492770283,0.005907736196119242,0.010126723661964316,0.05636267085979444,0.058638974186877274,0.018527827457006398,0.024658677330992126,0.00879571200071146,-0.02006660356203789,0.023456472892057153,0.02953820887139962,0.048054774920621074,0.0941563215625435,0.04891538957301642,-0.0598185486199674,0.08131722030313465,0.12086592438104313,0.09704785610200051,0.14520987963090384,0.037869430734927864,0.0706427735431776,0.06696683046688516,0.12334431310189643,0.11086198535736021,0.1314061286498231,0.10036979109349038,0.20936892232212465,0.24469814363725256,0.6524300689196351,0.5453288917021584,0.4201288264297345,0.6806418448418458,0.6259959745838463,0.6016990433883661,1.0
